1131.5999755859375
1214.300048828125
990.7625122070312
861.6339111328125
1247.0999755859375
1058.300048828125
1100.300048828125
970.3919067382812
1154.300048828125
943.0932006835938
1071.800048828125
923.7432861328125
1034.5999755859375
911.2111206054688
1238.199951171875
1109.9000244140625
1072.5999755859375
1054.0999755859375
1050.0999755859375
1048.0
970.7540283203125
1138.5999755859375
1154.0
1209.5
1233.800048828125
1104.0999755859375
1033.800048828125
882.9982299804688
1185.0999755859375
1363.800048828125
913.6190795898438
910.085693359375
1291.9000244140625
1152.0
932.1038208007812
1175.5
901.6754760742188
780.8101196289062
1185.699951171875
1274.4000244140625
1045.4000244140625
1175.9000244140625
1008.9000244140625
1083.0
1235.5999755859375
1111.699951171875
1132.5999755859375
1129.800048828125
1126.5
822.034912109375
1053.300048828125
1042.9000244140625
905.5576171875
1166.0
962.886474609375
1203.5
942.6456909179688
1233.0
1252.5
1212.300048828125
1043.5999755859375
1246.800048828125
1174.4000244140625
1211.300048828125
1156.800048828125
1231.699951171875
1038.699951171875
1007.9000244140625
1045.199951171875
1217.300048828125
1059.0
872.1870727539062
1075.0999755859375
802.4003295898438
1203.5
1265.4000244140625
961.9008178710938
1020.7999877929688
988.3203735351562
985.783203125
1181.5
1108.300048828125
1210.9000244140625
1036.800048828125
963.71728515625
1089.699951171875
1187.0
1132.9000244140625
906.978515625
1312.800048828125
1032.5
1156.4000244140625
1028.5999755859375
1090.800048828125
1182.0999755859375
1035.300048828125
1020.5
1029.4000244140625
1222.0999755859375
1203.699951171875
1181.300048828125
1126.800048828125
908.456787109375
1152.300048828125
1110.699951171875
1031.9000244140625
1218.0
927.8654174804688
1157.300048828125
992.10302734375
1003.7999877929688
1066.9000244140625
1036.300048828125
811.9854736328125
916.9832153320312
1135.300048828125
1152.5
950.6538696289062
915.160888671875
803.3651123046875
1207.199951171875
963.3416748046875
905.9251708984375
1233.5
1048.699951171875
1097.800048828125
971.66162109375
927.1232299804688
1103.699951171875
1261.199951171875
1103.5
1222.199951171875
1100.0
1161.9000244140625
968.3964233398438
1108.5999755859375
1069.199951171875
1049.0
1267.0999755859375
921.2697143554688
1102.800048828125
1044.9000244140625
964.9605712890625
896.650390625
1001.2000122070312
1121.9000244140625
1181.5999755859375
1014.7999877929688
1007.7000122070312
1108.9000244140625
1012.7999877929688
978.1373291015625
1299.800048828125
956.2957763671875
946.9163208007812
1216.300048828125
975.2586059570312
989.6832275390625
1054.199951171875
1163.0999755859375
1344.0999755859375
1137.9000244140625
1204.0
1192.199951171875
1055.5
1167.699951171875
1235.5
1106.4000244140625
1017.7999877929688
1109.300048828125
742.7288208007812
1045.5999755859375
877.2650756835938
1133.199951171875
959.39208984375
1291.800048828125
951.9744262695312
1181.0
1170.4000244140625
1213.199951171875
1212.9000244140625
956.8618774414062
1187.800048828125
965.66162109375
928.4251098632812
884.5142211914062
1075.699951171875
938.198486328125
792.1187133789062
915.60107421875
1240.5
1106.4000244140625
1109.4000244140625
1088.0999755859375
937.34912109375
1045.800048828125
1077.5999755859375
1180.800048828125
932.5457153320312
933.043212890625
1141.5999755859375
1211.699951171875
1151.5
1265.5
1098.0999755859375
1208.9000244140625
1032.300048828125
1157.199951171875
1136.5
1213.0999755859375
1065.9000244140625
1087.800048828125
988.7169189453125
862.3604736328125
981.2327270507812
1205.0999755859375
1172.0
1109.0
1038.300048828125
1164.199951171875
1108.4000244140625
1274.0
1108.9000244140625
1187.0
1097.300048828125
1172.699951171875
856.1837158203125
1237.5
1063.199951171875
1091.800048828125
1145.699951171875
1115.300048828125
1160.199951171875
1207.5
1343.5
1154.800048828125
1168.199951171875
1115.5999755859375
1048.699951171875
1027.5
1115.800048828125
1180.9000244140625
975.9011840820312
1040.4000244140625
942.74951171875
1102.5
1168.5999755859375
1221.699951171875
1135.9000244140625
931.5369262695312
1137.9000244140625
1072.199951171875
795.8812866210938
1154.199951171875
1235.4000244140625
1033.0
992.9188842773438
1185.5
1237.4000244140625
1051.800048828125
1023.2000122070312
1136.9000244140625
1169.4000244140625
1309.0999755859375
1107.9000244140625
855.2772827148438
846.9121704101562
947.7559814453125
1004.0
1115.800048828125
1148.800048828125
982.11181640625
821.963623046875
1143.800048828125
1300.0
1182.800048828125
1024.0999755859375
1122.699951171875
1212.5999755859375
1153.4000244140625
1290.699951171875
1076.0999755859375
1156.800048828125
925.90478515625
1119.4000244140625
1052.800048828125
986.0482177734375
816.7316284179688
1115.4000244140625
1037.699951171875
1130.800048828125
1128.4000244140625
962.114013671875
1065.4000244140625
1079.699951171875
1088.300048828125
1168.800048828125
1252.800048828125
1190.9000244140625
917.0941162109375
910.7518920898438
1104.4000244140625
1029.199951171875
1147.5999755859375
988.3892822265625
1179.300048828125
1122.199951171875
1067.699951171875
1189.800048828125
1059.5
1160.5999755859375
909.219970703125
1035.199951171875
1006.5
1184.699951171875
942.593505859375
957.0994873046875
1009.7999877929688
1236.5
1116.4000244140625
1148.9000244140625
1106.300048828125
1291.4000244140625
977.3491821289062
1135.699951171875
1030.9000244140625
964.7745971679688
1105.9000244140625
1136.199951171875
1064.4000244140625
1055.5
1045.199951171875
1082.4000244140625
894.3104248046875
987.5919799804688
1124.0999755859375
1065.199951171875
883.79638671875
921.4417114257812
1146.5999755859375
1111.5999755859375
1102.4000244140625
1106.0999755859375
1026.800048828125
1050.5999755859375
1361.699951171875
1147.199951171875
921.76318359375
867.3685913085938
865.9652099609375
942.524169921875
985.9591064453125
1166.5
902.8076171875
1054.9000244140625
1059.199951171875
921.6190185546875
1175.5
1128.9000244140625
1126.300048828125
1069.0999755859375
1008.2999877929688
1044.9000244140625
1137.800048828125
1184.0999755859375
1122.0999755859375
957.2650146484375
752.8165893554688
1112.0
1083.300048828125
999.65087890625
1039.9000244140625
1176.5
1169.9000244140625
1209.800048828125
938.4014282226562
1021.0999755859375
1192.9000244140625
1074.0999755859375
930.3975219726562
1006.7000122070312
1135.0999755859375
1051.4000244140625
1096.0
1255.5999755859375
1225.0
942.8850708007812
1181.4000244140625
1230.5999755859375
1254.699951171875
1084.300048828125
1134.4000244140625
941.1885986328125
1124.4000244140625
1055.800048828125
1233.199951171875
1109.800048828125
1141.0999755859375
1124.0
1127.0999755859375
1197.0
1133.4000244140625
1269.0
1099.5999755859375
1163.699951171875
1069.199951171875
1099.0
1037.199951171875
1089.199951171875
1085.0999755859375
1200.300048828125
1099.0999755859375
926.7014770507812
1177.199951171875
954.8455810546875
1190.699951171875
1117.800048828125
1090.0
1135.9000244140625
972.8145141601562
1131.800048828125
961.3381958007812
1230.0
1095.300048828125
1122.699951171875
1032.9000244140625
962.89501953125
1084.699951171875
1130.4000244140625
1160.5999755859375
1068.800048828125
1278.5999755859375
1270.5999755859375
1069.5
1037.699951171875
1214.4000244140625
1105.199951171875
811.993896484375
906.711669921875
1216.0
1283.800048828125
1004.5
1174.0
1162.300048828125
1087.300048828125
835.7316284179688
1364.800048828125
1138.300048828125
1094.800048828125
1188.5
1005.5999755859375
830.086669921875
1087.5999755859375
1147.300048828125
1158.5
997.41259765625
1010.0999755859375
1001.9000244140625
1087.199951171875
861.5532836914062
1030.699951171875
1053.800048828125
1028.199951171875
892.6807250976562
1098.800048828125
1069.800048828125
1149.5999755859375
998.1055297851562
1056.5
1094.800048828125
955.6442260742188
1110.699951171875
972.7260131835938
1129.300048828125
976.1715698242188
1254.4000244140625
951.1494750976562
1156.4000244140625
1083.199951171875
1152.0999755859375
912.0787963867188
1192.0999755859375
1105.800048828125
1311.800048828125
1134.300048828125
1085.300048828125
1145.199951171875
1125.5999755859375
1154.0999755859375
1081.4000244140625
1072.199951171875
1156.9000244140625
959.0587768554688
1118.4000244140625
954.1500244140625
985.6594848632812
947.4733276367188
882.0396728515625
1071.4000244140625
1136.0999755859375
991.6577758789062
1127.300048828125
1154.9000244140625
1220.0
1161.199951171875
1078.0999755859375
1248.0999755859375
1235.199951171875
1003.7999877929688
1158.5
1003.2000122070312
1206.4000244140625
1161.300048828125
1148.5999755859375
1180.199951171875
964.9241943359375
1167.5999755859375
1208.5999755859375
1127.9000244140625
1124.300048828125
1133.4000244140625
1187.800048828125
1016.5
1098.9000244140625
1196.5999755859375
1150.0
1137.800048828125
1125.0
1170.0
1159.0
1087.9000244140625
909.4359741210938
974.736083984375
1124.4000244140625
1011.7999877929688
1152.5
1206.4000244140625
1204.0999755859375
968.915283203125
992.4160766601562
1227.4000244140625
1035.0999755859375
1077.5
1049.0
986.6176147460938
1112.5
1267.699951171875
1158.199951171875
1016.5999755859375
1175.9000244140625
1039.0
1016.0
1231.9000244140625
1181.4000244140625
1116.0999755859375
1161.4000244140625
964.0546264648438
892.1865844726562
971.2382202148438
1140.0
1047.0
940.7974243164062
1136.9000244140625
928.7653198242188
1138.199951171875
1031.300048828125
1192.199951171875
947.218017578125
1121.5999755859375
1262.800048828125
925.0734252929688
1022.5999755859375
1043.4000244140625
1036.800048828125
1086.699951171875
953.9049072265625
1142.699951171875
813.969970703125
1102.199951171875
869.0941162109375
1074.0
1005.7000122070312
973.5048217773438
830.86572265625
1175.5
1176.4000244140625
1032.5999755859375
1054.0999755859375
1120.300048828125
1192.300048828125
1095.300048828125
1122.699951171875
1160.0
1143.0
1134.5999755859375
1097.5
1120.0999755859375
1160.800048828125
1236.4000244140625
978.17626953125
991.9287719726562
1182.199951171875
1164.0999755859375
1194.9000244140625
919.2022705078125
1063.800048828125
1310.0
1020.2999877929688
1148.199951171875
1149.0999755859375
1116.9000244140625
1150.9000244140625
1218.9000244140625
971.184814453125
1284.4000244140625
794.3034057617188
1194.9000244140625
1104.0
1052.800048828125
996.9973754882812
1085.300048828125
1159.0999755859375
1077.4000244140625
987.5728759765625
1215.5999755859375
1144.5999755859375
899.923828125
1144.0
1160.0
981.4539794921875
979.3944091796875
1133.699951171875
850.9984741210938
1093.0999755859375
1045.699951171875
933.8778076171875
978.405029296875
1003.4000244140625
1276.9000244140625
1010.5999755859375
1015.4000244140625
1097.5
1032.5999755859375
973.72607421875
988.7241821289062
1163.5
1028.9000244140625
1104.0
1131.699951171875
1164.5999755859375
1187.300048828125
1203.4000244140625
1191.800048828125
860.0701293945312
866.0291748046875
1243.300048828125
1025.5
1152.4000244140625
1195.5
1128.0999755859375
982.2902221679688
1068.0
957.4174194335938
1026.9000244140625
991.8577880859375
1102.5999755859375
1064.0999755859375
1105.199951171875
1288.9000244140625
1019.2000122070312
1152.0
1099.699951171875
966.2515258789062
1186.300048828125
1002.9000244140625
1212.4000244140625
923.4899291992188
846.6049194335938
1148.300048828125
1191.800048828125
1148.4000244140625
1123.4000244140625
1070.5
1167.199951171875
1040.199951171875
999.8892822265625
1090.5999755859375
1278.5
1131.300048828125
1180.199951171875
1090.800048828125
882.412109375
1056.9000244140625
1085.300048828125
1173.5999755859375
1030.699951171875
1067.9000244140625
1091.4000244140625
1148.5
965.2042236328125
992.0004272460938
1138.699951171875
771.4251708984375
1158.5
1008.5999755859375
1140.5
1037.0
1237.0999755859375
1160.300048828125
1213.0
960.6422119140625
1026.4000244140625
1286.9000244140625
1158.5
1148.699951171875
1087.4000244140625
1119.4000244140625
1207.300048828125
1030.5999755859375
1111.4000244140625
1207.199951171875
1008.0999755859375
1156.0999755859375
1041.4000244140625
1026.699951171875
968.3834228515625
1089.0
1024.5
1073.4000244140625
948.9677734375
1084.300048828125
1041.699951171875
979.7836303710938
1037.5999755859375
836.2999267578125
909.0382080078125
1151.4000244140625
1115.699951171875
1007.5999755859375
1146.5999755859375
1045.800048828125
1050.4000244140625
998.9755249023438
805.4564819335938
1253.0
1194.300048828125
1064.5999755859375
1216.5999755859375
1277.0999755859375
1151.5
1066.9000244140625
1091.4000244140625
967.834228515625
1204.5999755859375
1302.5999755859375
1036.0
966.4954833984375
1062.5999755859375
1027.5
1041.4000244140625
1117.800048828125
1127.300048828125
1137.4000244140625
909.5330810546875
1107.4000244140625
1057.699951171875
1224.199951171875
836.7017211914062
1102.300048828125
1115.199951171875
1027.5
1054.300048828125
1222.0999755859375
922.9365844726562
1052.0
1109.199951171875
1175.0
1075.800048828125
1182.300048828125
1167.199951171875
1090.4000244140625
1237.0
1098.4000244140625
1105.5999755859375
1005.2999877929688
1028.5
1261.5999755859375
1310.699951171875
1230.0999755859375
1163.800048828125
1003.5
1076.699951171875
1124.699951171875
1122.699951171875
953.0194702148438
1233.199951171875
1148.0
927.5588989257812
1137.699951171875
941.70947265625
1209.199951171875
1070.699951171875
1024.0
1004.4000244140625
878.910888671875
1114.300048828125
1066.0999755859375
930.9810180664062
1150.5
979.698974609375
1092.0999755859375
983.4381103515625
890.9555053710938
1188.5
974.4337158203125
1182.5
1144.800048828125
1085.300048828125
1156.0999755859375
962.2686767578125
1229.0
1280.4000244140625
1142.5999755859375
1309.9000244140625
1026.199951171875
1057.0
1178.0999755859375
848.5869750976562
924.764892578125
941.9746704101562
921.8560180664062
894.9163818359375
1186.0999755859375
1132.199951171875
1220.699951171875
1240.5999755859375
1063.0
899.6414794921875
1035.5
997.1583251953125
1135.5
1139.300048828125
889.3350830078125
988.8707885742188
1197.5
992.02978515625
1213.4000244140625
1028.800048828125
1373.800048828125
1376.0
1064.9000244140625
1139.699951171875
1165.9000244140625
1261.800048828125
1120.4000244140625
937.2437133789062
965.6041870117188
1139.199951171875
1081.4000244140625
1025.199951171875
1174.699951171875
959.0078125
1006.9000244140625
895.421875
1050.4000244140625
1093.800048828125
944.2772216796875
913.41162109375
1018.9000244140625
1095.800048828125
939.0001831054688
1113.0
1146.800048828125
1034.800048828125
1140.800048828125
846.5291748046875
1043.699951171875
1115.9000244140625
1184.9000244140625
840.2216186523438
944.6724853515625
1075.300048828125
1116.9000244140625
1098.0999755859375
1146.0999755859375
1175.5999755859375
938.0916137695312
1132.0999755859375
1167.5999755859375
1069.4000244140625
969.240478515625
1005.5999755859375
1014.5999755859375
1148.199951171875
1233.699951171875
985.1873779296875
1016.5999755859375
1151.699951171875
1134.4000244140625
1008.2999877929688
1183.5
864.6547241210938
1276.9000244140625
1159.199951171875
977.9583740234375
1227.699951171875
1216.5
1056.199951171875
860.3201293945312
1212.199951171875
791.8131103515625
920.959716796875
925.0272827148438
1069.0999755859375
976.8668823242188
812.319091796875
1064.4000244140625
1127.699951171875
739.0775146484375
1136.300048828125
1051.5999755859375
1098.0
1283.0
1069.199951171875
1123.4000244140625
1035.4000244140625
1240.800048828125
1117.300048828125
997.75
1083.5
858.393798828125
788.6185302734375
1060.5999755859375
1010.0
1027.0
1044.0999755859375
1005.5
1024.699951171875
1244.5999755859375
1197.5999755859375
1140.0999755859375
1084.4000244140625
943.88671875
1064.0999755859375
919.4508056640625
1217.199951171875
1127.0999755859375
1068.0
1189.0999755859375
927.1286010742188
1210.9000244140625
997.5034790039062
1307.5999755859375
1179.5999755859375
1056.800048828125
966.959716796875
1039.699951171875
956.356201171875
1063.5
927.1444702148438
1083.300048828125
1235.800048828125
929.3250732421875
983.9671020507812
1197.800048828125
1063.300048828125
1109.300048828125
1044.199951171875
1285.4000244140625
971.6510009765625
1084.699951171875
1043.199951171875
1158.699951171875
1029.300048828125
887.1243286132812
1294.800048828125
1087.199951171875
1000.5999755859375
1086.4000244140625
1015.4000244140625
1166.300048828125
916.5017700195312
1228.699951171875
1276.199951171875
964.1956176757812
1091.9000244140625
1136.5
1293.800048828125
1075.4000244140625
1176.699951171875
915.0551147460938
1224.9000244140625
1160.9000244140625
1034.300048828125
1153.0999755859375
1226.300048828125
1167.300048828125
1087.199951171875
938.0034790039062
1141.800048828125
1162.800048828125
1129.4000244140625
1085.199951171875
1101.300048828125
1048.199951171875
1242.9000244140625
1330.0999755859375
1176.5
1081.800048828125
1112.5999755859375
1010.5999755859375
1040.199951171875
1088.199951171875
1078.4000244140625
1108.5999755859375
1041.5
935.09912109375
1121.0
1097.199951171875
1010.7999877929688
1185.5999755859375
1133.699951171875
1150.699951171875
1063.699951171875
1069.699951171875
1236.0999755859375
1211.800048828125
998.8903198242188
1180.300048828125
1121.9000244140625
1024.4000244140625
1085.0
1077.9000244140625
1055.5999755859375
1223.699951171875
1163.199951171875
1036.800048828125
1034.9000244140625
1085.699951171875
1170.800048828125
1168.199951171875
1046.800048828125
883.064697265625
828.4265747070312
1101.199951171875
1116.0999755859375
976.189208984375
1122.300048828125
991.4871826171875
1105.9000244140625
1137.9000244140625
1093.300048828125
1221.0
1206.0
1077.5
1175.699951171875
994.9400024414062
930.7235717773438
1113.800048828125
917.3812866210938
1058.5
1252.800048828125
1050.5
1200.699951171875
966.0791015625
1123.0
1150.5
1131.9000244140625
1056.300048828125
957.8873291015625
977.7252807617188
1195.9000244140625
1278.0
1073.0999755859375
1161.9000244140625
1059.4000244140625
1066.300048828125
1147.199951171875
1094.5
1030.0
886.8070068359375
914.5153198242188
1122.800048828125
1074.800048828125
1148.5999755859375
1072.5
1030.5999755859375
1114.0
1072.0999755859375
1066.800048828125
965.0977172851562
1222.4000244140625
867.4777221679688
1039.800048828125
1217.4000244140625
1248.0
1116.9000244140625
727.3773803710938
1117.5
914.2598266601562
1012.7000122070312
1042.4000244140625
1185.800048828125
1032.9000244140625
1062.5
1222.300048828125
1262.300048828125
1184.199951171875
1149.199951171875
1285.199951171875
1296.5
1249.5
1092.800048828125
1169.0
840.2421875
1171.0
942.5352783203125
1121.800048828125
975.8701171875
1142.9000244140625
1040.800048828125
1083.800048828125
1070.199951171875
1001.4000244140625
1250.800048828125
889.4620971679688
1172.0999755859375
1212.4000244140625
984.9447021484375
1105.4000244140625
868.8806762695312
1101.5
1009.0
1050.0
1081.199951171875
1059.0
835.5781860351562
1065.5
940.1309204101562
964.0015869140625
1210.0999755859375
916.522216796875
1296.699951171875
1107.5
1105.300048828125
1127.699951171875
1180.5
989.4108276367188
1183.0999755859375
1229.5
1246.199951171875
1225.4000244140625
949.1282958984375
1161.4000244140625
1060.300048828125
1205.0999755859375
1236.199951171875
1253.0999755859375
1001.5999755859375
1117.5999755859375
1043.4000244140625
1258.0999755859375
1070.199951171875
1140.800048828125
947.1049194335938
1031.0
1070.199951171875
1039.5
1200.0999755859375
1210.9000244140625
1156.4000244140625
1035.5999755859375
1181.800048828125
1185.300048828125
1063.199951171875
872.4114990234375
905.3665161132812
1219.800048828125
1064.0999755859375
1221.699951171875
1154.5999755859375
914.7108154296875
1292.199951171875
938.7490234375
1125.699951171875
999.4608764648438
953.7091064453125
1274.5
1104.300048828125
1175.199951171875
1220.300048828125
1155.0999755859375
1103.300048828125
928.4141235351562
1083.4000244140625
1202.4000244140625
1139.0
1211.199951171875
1181.5
863.8458251953125
1211.300048828125
1168.0
1180.5999755859375
1133.9000244140625
1050.0999755859375
1092.4000244140625
878.1270141601562
1062.5
1005.5999755859375
1001.9000244140625
783.9315795898438
1250.4000244140625
1199.0999755859375
1192.800048828125
898.385498046875
1202.800048828125
928.572998046875
1238.199951171875
1069.699951171875
1095.199951171875
1108.5999755859375
961.1558837890625
982.785400390625
1222.699951171875
1129.199951171875
906.6707763671875
1025.800048828125
1038.800048828125
1153.4000244140625
938.256103515625
1185.199951171875
1173.5
1184.4000244140625
1040.0
1009.5999755859375
1104.5999755859375
1016.4000244140625
1219.300048828125
1298.300048828125
1046.300048828125
1348.5
1214.800048828125
1269.5
983.6845092773438
1094.4000244140625
1038.0999755859375
1096.199951171875
1050.5
1056.9000244140625
915.0642700195312
870.7556762695312
1238.5
1358.199951171875
1134.199951171875
1097.300048828125
1067.0
1115.4000244140625
858.1262817382812
1049.5999755859375
1066.300048828125
1221.0999755859375
1200.5999755859375
1014.4000244140625
882.6112060546875
1264.199951171875
1253.4000244140625
1002.9000244140625
1021.0
1116.5
1093.9000244140625
1139.5
1255.9000244140625
1018.5999755859375
1153.800048828125
1060.5
947.506591796875
1097.5999755859375
1106.5
1025.0
907.256103515625
1198.0999755859375
1185.300048828125
986.4384765625
1244.5999755859375
1062.800048828125
1157.5999755859375
1134.800048828125
1142.300048828125
1110.800048828125
1161.199951171875
1181.0999755859375
938.9315795898438
989.986572265625
1036.4000244140625
1052.699951171875
1100.0999755859375
1073.800048828125
1086.5
1201.9000244140625
1024.5
971.82080078125
1124.5
1289.4000244140625
1292.5999755859375
1132.300048828125
1117.699951171875
1133.0999755859375
849.5618286132812
1229.5
1117.5
1066.4000244140625
1104.9000244140625
1265.800048828125
1184.300048828125
951.863525390625
1134.4000244140625
815.46728515625
1215.5999755859375
1246.699951171875
941.4368896484375
1151.199951171875
937.572998046875
1093.199951171875
928.8320922851562
1095.300048828125
911.4636840820312
1015.4000244140625
926.9849243164062
1006.9000244140625
1050.5999755859375
1267.4000244140625
1226.800048828125
1013.2999877929688
1085.4000244140625
996.9559936523438
915.5452880859375
1005.9000244140625
1178.699951171875
983.3275756835938
1038.0
1132.300048828125
1149.4000244140625
1164.199951171875
1208.800048828125
1284.0
1065.0
1237.199951171875
1091.4000244140625
1108.199951171875
1178.699951171875
1055.300048828125
1010.2999877929688
1028.0
1132.199951171875
1078.5999755859375
912.2584228515625
1067.0
1141.699951171875
916.2119750976562
1009.0
957.6152954101562
1279.4000244140625
1069.5
1108.5
1062.5999755859375
1069.0999755859375
1276.9000244140625
1264.699951171875
980.6524047851562
1090.699951171875
1179.4000244140625
1068.800048828125
946.9896850585938
1218.4000244140625
960.1774291992188
1006.0
1163.699951171875
1079.4000244140625
1191.9000244140625
1223.199951171875
1116.4000244140625
1137.0999755859375
1046.0
865.176025390625
1118.5
945.53271484375
1086.300048828125
889.8814697265625
1083.0999755859375
1270.9000244140625
936.844970703125
1194.5999755859375
1085.0999755859375
1102.199951171875
1070.5999755859375
1121.300048828125
1005.5
1081.699951171875
940.0316162109375
931.082275390625
1060.0
1096.9000244140625
1231.699951171875
1086.5999755859375
879.5391845703125
848.7001953125
1023.7999877929688
1167.0999755859375
1009.9000244140625
1156.199951171875
1060.5999755859375
1178.0
1057.699951171875
877.5963134765625
941.0540771484375
1187.0999755859375
1202.300048828125
1120.5999755859375
1204.300048828125
1105.0999755859375
1286.5
1209.300048828125
1060.5999755859375
813.15771484375
1054.800048828125
984.2260131835938
1040.300048828125
1224.5
999.2557983398438
1098.9000244140625
1282.300048828125
981.7545776367188
1073.800048828125
1118.0999755859375
1147.0999755859375
1034.5999755859375
807.9136962890625
1092.300048828125
1125.5
1056.300048828125
1060.699951171875
952.7039794921875
1072.5
1018.0
1022.9000244140625
1052.5999755859375
1111.699951171875
1261.800048828125
1026.5
835.9296875
1146.5999755859375
1046.199951171875
1183.0999755859375
994.69677734375
1014.5
906.0991821289062
1193.5
806.4201049804688
1156.5999755859375
916.2476806640625
1029.5999755859375
875.5017700195312
1139.4000244140625
914.54541015625
1152.699951171875
1156.0999755859375
1142.800048828125
1007.4000244140625
1112.0999755859375
904.5731201171875
766.07080078125
1078.5999755859375
1097.199951171875
1039.9000244140625
979.336181640625
1215.699951171875
1028.800048828125
925.97412109375
1247.4000244140625
1076.5999755859375
1242.5
1084.4000244140625
907.3057250976562
919.5073852539062
704.990478515625
1119.199951171875
1084.300048828125
932.9475708007812
1224.9000244140625
1195.9000244140625
1213.9000244140625
1026.199951171875
1036.5
1087.300048828125
1129.5
999.97607421875
1000.9000244140625
973.92578125
1027.800048828125
976.355224609375
919.1472778320312
1171.5999755859375
1073.9000244140625
1223.300048828125
1114.9000244140625
1297.0
1142.699951171875
1112.800048828125
1204.300048828125
1230.9000244140625
1000.5
1069.9000244140625
1047.300048828125
870.1328735351562
1267.0
936.09130859375
1204.9000244140625
1122.699951171875
1028.0999755859375
1146.199951171875
1150.5999755859375
984.1484985351562
980.6787719726562
1094.800048828125
1062.9000244140625
1173.699951171875
926.8319702148438
983.80859375
1109.0999755859375
1260.0999755859375
1210.300048828125
845.3223876953125
1170.0
1068.5
1096.699951171875
1082.4000244140625
1280.800048828125
1188.0999755859375
826.6146850585938
1162.699951171875
919.3458862304688
1031.699951171875
1117.5
1068.5999755859375
968.726318359375
1067.699951171875
1051.5999755859375
993.6701049804688
1160.5
1087.4000244140625
1012.7000122070312
1167.4000244140625
934.153076171875
1136.699951171875
1074.5999755859375
1190.300048828125
1103.0999755859375
967.222412109375
788.848876953125
1063.4000244140625
1069.0
968.8964233398438
1098.5999755859375
1153.800048828125
1145.5
1120.4000244140625
993.9033203125
1121.9000244140625
896.3087768554688
1180.199951171875
1201.300048828125
1074.800048828125
1048.9000244140625
984.0283813476562
995.38720703125
963.725830078125
1098.300048828125
1144.4000244140625
979.806884765625
1124.699951171875
1019.5999755859375
1117.5
1186.5999755859375
1249.9000244140625
1060.199951171875
1135.0999755859375
1187.199951171875
1073.699951171875
1018.7000122070312
1007.2999877929688
981.584228515625
1251.9000244140625
1012.5999755859375
1202.5999755859375
1016.2999877929688
1208.800048828125
1150.5
1106.5
1216.199951171875
1148.800048828125
1145.4000244140625
1060.800048828125
1130.4000244140625
1082.0
1009.0
1126.5999755859375
897.0543212890625
1144.300048828125
1011.4000244140625
1073.5999755859375
967.5526733398438
1037.5999755859375
976.6583251953125
1173.9000244140625
949.638671875
1228.800048828125
968.2755737304688
1119.0
1074.300048828125
1100.5999755859375
1241.699951171875
1140.699951171875
1243.0999755859375
1029.9000244140625
1213.699951171875
924.1680297851562
951.8082885742188
1135.0999755859375
1213.9000244140625
1009.5999755859375
1045.0999755859375
1191.5
1160.800048828125
1161.800048828125
912.6815795898438
1003.2999877929688
1126.5
1034.0999755859375
1132.300048828125
1019.2000122070312
1228.5999755859375
931.1624755859375
961.1959228515625
1016.0999755859375
964.6035766601562
1065.800048828125
1016.4000244140625
1069.5999755859375
992.986572265625
928.5322265625
1113.5999755859375
1203.5
993.3073120117188
976.4141235351562
1202.800048828125
1096.5
1123.5
1022.0999755859375
1210.5
874.275390625
1105.5
1004.5999755859375
1140.699951171875
1054.699951171875
1035.0999755859375
1105.9000244140625
1014.2999877929688
1196.199951171875
1153.5999755859375
829.107421875
1101.4000244140625
1213.199951171875
996.1201171875
868.7122192382812
1162.0
897.0142822265625
1001.5999755859375
1171.199951171875
1130.4000244140625
1184.800048828125
952.5501098632812
991.1085205078125
1214.9000244140625
1210.9000244140625
1222.300048828125
1112.9000244140625
996.319091796875
861.4215698242188
1137.0
1197.9000244140625
1002.4000244140625
1061.4000244140625
750.0562133789062
1199.5999755859375
961.3472900390625
1140.199951171875
1079.300048828125
1246.800048828125
1097.800048828125
977.3038940429688
1176.4000244140625
872.2542114257812
992.6079711914062
1164.0
1119.5999755859375
1003.2000122070312
1071.0999755859375
1006.5999755859375
1039.800048828125
1196.5999755859375
1018.7999877929688
1029.0
1102.0
1194.699951171875
1209.0
1177.800048828125
1046.0999755859375
1084.5999755859375
931.923583984375
1085.300048828125
973.1456298828125
1047.9000244140625
949.5916748046875
1081.300048828125
1156.699951171875
1094.199951171875
1125.699951171875
1104.0999755859375
1067.199951171875
1277.4000244140625
1319.0
846.9711303710938
1134.4000244140625
1248.699951171875
1146.800048828125
1059.0999755859375
1163.300048828125
936.2999267578125
857.67822265625
988.3477783203125
966.2119750976562
1111.4000244140625
1141.300048828125
1075.0999755859375
889.293212890625
977.39697265625
983.4987182617188
1068.300048828125
885.3071899414062
1193.4000244140625
1090.300048828125
1205.800048828125
1084.199951171875
1062.5
977.8298950195312
840.4810791015625
1030.0999755859375
1047.300048828125
1158.0
1030.5
1257.0999755859375
1169.5999755859375
1015.2999877929688
1185.0999755859375
1121.300048828125
941.6229858398438
859.9489135742188
844.4846801757812
1035.0
1158.4000244140625
1012.0999755859375
1050.800048828125
1173.5
1131.4000244140625
1030.800048828125
1184.0
1255.800048828125
1210.4000244140625
1210.699951171875
937.1798706054688
1144.4000244140625
896.3759155273438
965.5333862304688
1243.199951171875
1053.0999755859375
1084.5999755859375
893.398193359375
1071.800048828125
893.535400390625
1006.2999877929688
1169.5
1128.0999755859375
1013.0
1189.9000244140625
1020.7999877929688
1041.0
1178.5
847.3916015625
1123.699951171875
900.2116088867188
1158.9000244140625
1125.4000244140625
1123.0
1363.199951171875
862.6572265625
944.6326293945312
988.9334716796875
1244.199951171875
1141.199951171875
1101.5999755859375
967.9559936523438
1100.9000244140625
1145.4000244140625
1173.5999755859375
1038.4000244140625
927.9700927734375
1111.0
1171.9000244140625
1033.4000244140625
1178.5
899.2877807617188
1063.699951171875
885.7141723632812
984.6024169921875
1143.5999755859375
1025.5
1098.0999755859375
1196.300048828125
1144.5
1171.5
1164.199951171875
960.6890258789062
1202.199951171875
1053.800048828125
1132.0
1177.800048828125
953.4417114257812
968.881591796875
1156.800048828125
818.0535278320312
1160.699951171875
1172.4000244140625
1187.699951171875
793.8577880859375
1118.5
1036.5
1106.5
1115.5999755859375
1156.9000244140625
1097.0
1105.699951171875
1068.300048828125
909.0496215820312
1084.4000244140625
1085.5999755859375
867.1865234375
1000.5
1048.300048828125
960.2086791992188
1134.300048828125
936.7711791992188
1122.4000244140625
1014.4000244140625
996.8353271484375
896.1984252929688
966.1829223632812
1010.0
970.9423217773438
1069.800048828125
1097.699951171875
1044.699951171875
1014.9000244140625
1110.5999755859375
935.728515625
1171.4000244140625
1085.5
1117.0999755859375
1083.800048828125
1228.300048828125
893.965087890625
1152.5999755859375
919.7086181640625
1108.300048828125
1223.5999755859375
1004.4000244140625
973.8723754882812
1224.9000244140625
1063.699951171875
1111.5999755859375
1089.0
804.7457885742188
1298.800048828125
948.513916015625
1060.9000244140625
759.3098754882812
1007.4000244140625
1090.0999755859375
964.8466796875
1117.199951171875
1116.0
870.1926879882812
1023.9000244140625
862.7849731445312
1248.800048828125
1166.199951171875
1162.5999755859375
1250.699951171875
1062.5
957.52880859375
1129.800048828125
905.7014770507812
1173.4000244140625
1033.300048828125
1052.9000244140625
1136.0999755859375
952.8305053710938
1093.800048828125
1168.0999755859375
1272.699951171875
1162.800048828125
1076.0
1049.300048828125
1136.9000244140625
1260.199951171875
933.9086303710938
1215.699951171875
925.2963256835938
1088.5
1163.5
1099.5999755859375
1022.0
964.343017578125
1036.5
950.1458740234375
1090.800048828125
972.8018188476562
1002.0
937.7642822265625
1139.5
838.9746704101562
1094.5
1029.0
860.9901733398438
1105.0999755859375
1034.5
978.951904296875
1231.300048828125
1197.300048828125
1170.199951171875
1055.0
1013.2999877929688
1101.199951171875
968.6300048828125
1030.300048828125
1184.5999755859375
1042.5
1189.199951171875
971.5477905273438
1145.300048828125
1251.0999755859375
1212.0
1205.699951171875
914.4185180664062
1008.0
914.3936767578125
960.6668701171875
1105.5999755859375
1055.0
998.9473876953125
829.3142700195312
794.3892211914062
1205.5999755859375
1209.5999755859375
830.8931274414062
1020.2000122070312
1102.0999755859375
1286.9000244140625
1093.699951171875
925.34521484375
1036.0
1055.9000244140625
1217.5
1049.199951171875
1084.199951171875
930.5985107421875
987.4171752929688
1114.4000244140625
1076.300048828125
1043.699951171875
930.0222778320312
1213.699951171875
1055.5
1132.699951171875
918.1353759765625
1098.0999755859375
1006.2999877929688
844.0029296875
1060.0999755859375
980.5454711914062
1191.4000244140625
1268.199951171875
946.8906860351562
1159.9000244140625
1209.800048828125
896.978271484375
1074.9000244140625
967.7088012695312
1147.9000244140625
1037.4000244140625
1005.0
1011.7999877929688
1082.5
1200.0
830.2075805664062
1091.300048828125
1187.9000244140625
1280.5
849.42138671875
1002.7000122070312
1092.699951171875
1202.5999755859375
1177.300048828125
950.4365234375
1125.9000244140625
1154.199951171875
939.6281127929688
895.6618041992188
1056.199951171875
882.992919921875
1144.0
1070.5
1073.5999755859375
1089.5999755859375
1149.5999755859375
1082.699951171875
1067.199951171875
1178.699951171875
1181.0999755859375
1116.5
771.202880859375
996.6384887695312
1190.0999755859375
1145.300048828125
1143.300048828125
970.3031005859375
1191.0999755859375
1242.9000244140625
1081.4000244140625
1217.199951171875
1302.699951171875
1243.0999755859375
1159.699951171875
1109.9000244140625
1207.0999755859375
1169.4000244140625
1081.4000244140625
1225.199951171875
1119.300048828125
1118.199951171875
1139.0
1265.300048828125
898.3173217773438
1081.9000244140625
1187.0
1065.699951171875
1053.699951171875
1143.5999755859375
1075.300048828125
1083.5
1197.800048828125
1031.5999755859375
1186.300048828125
1045.5
1027.5
1023.7999877929688
1065.199951171875
934.827880859375
989.4434814453125
963.9110107421875
1073.9000244140625
1141.0
759.4635009765625
894.4197998046875
1132.300048828125
947.701171875
1169.300048828125
1072.0999755859375
1168.5999755859375
1135.5999755859375
1087.0
1204.199951171875
1161.9000244140625
1149.300048828125
991.5485229492188
1068.5999755859375
1217.9000244140625
1218.9000244140625
1103.699951171875
1005.2999877929688
1072.5
807.3060302734375
1001.0
1016.4000244140625
1278.0
1144.9000244140625
1091.4000244140625
1173.0999755859375
1215.5999755859375
1156.0999755859375
1132.9000244140625
1038.0
1124.300048828125
1169.4000244140625
1154.0
1023.0999755859375
937.786376953125
1288.5999755859375
980.8082275390625
1189.300048828125
1016.0999755859375
1253.9000244140625
1092.5
1235.699951171875
1065.800048828125
1157.5999755859375
1246.0
1013.5999755859375
1187.300048828125
1141.9000244140625
1140.0999755859375
1181.300048828125
997.4227905273438
1040.0
864.260009765625
1119.9000244140625
1083.800048828125
899.0972290039062
1020.2999877929688
879.877197265625
868.3557739257812
1075.800048828125
948.2421875
1065.9000244140625
991.8535766601562
1168.0
774.5853271484375
1147.5999755859375
1028.9000244140625
932.234375
1165.800048828125
1216.5
957.94189453125
1164.199951171875
909.5667114257812
1013.7000122070312
1029.9000244140625
911.2310180664062
1192.699951171875
965.0479736328125
1177.0
1113.0999755859375
1126.199951171875
973.1397705078125
1083.9000244140625
1319.0
1026.800048828125
1164.4000244140625
1004.5
1109.199951171875
1102.5
1243.0999755859375
1200.5999755859375
999.4946899414062
1004.4000244140625
1040.0
1163.800048828125
1015.5999755859375
1190.9000244140625
1036.9000244140625
1249.199951171875
1044.0999755859375
1059.5
1128.5
1184.4000244140625
1047.0
892.0714721679688
922.4254760742188
1066.4000244140625
1073.699951171875
1309.5
1039.0
1098.0
1205.5
1193.9000244140625
1175.5
1056.800048828125
1137.9000244140625
1093.300048828125
1208.0
1147.300048828125
1226.0999755859375
1120.4000244140625
1074.4000244140625
1145.199951171875
1232.300048828125
907.2742919921875
907.60009765625
975.381591796875
1134.5999755859375
1086.5
1167.699951171875
1184.5
1119.300048828125
1224.699951171875
1142.699951171875
1230.199951171875
1114.0
951.2515258789062
1153.300048828125
989.6143798828125
1040.9000244140625
992.8964233398438
1202.5
992.8781127929688
1126.9000244140625
999.4711303710938
1096.199951171875
1241.4000244140625
846.9412231445312
1179.800048828125
1103.9000244140625
890.8206787109375
1166.9000244140625
964.2684936523438
1140.9000244140625
1055.5
1104.800048828125
1141.5
1167.699951171875
1140.0
1228.4000244140625
1220.199951171875
1238.800048828125
933.294921875
985.734619140625
965.9622192382812
1086.5
1081.0
1100.699951171875
1050.199951171875
1139.0999755859375
1064.0
1182.800048828125
1151.5999755859375
912.8558959960938
1088.9000244140625
1167.0999755859375
1124.5
1266.0999755859375
1006.2999877929688
991.959716796875
977.158203125
840.461669921875
1225.0999755859375
864.0675048828125
1226.199951171875
1013.7999877929688
1117.0999755859375
948.3464965820312
1245.0
1012.0
1010.0999755859375
1090.199951171875
1313.300048828125
1157.9000244140625
930.5007934570312
1049.5
925.2725830078125
1002.4000244140625
873.0679931640625
955.78369140625
1048.0999755859375
1083.9000244140625
982.5418701171875
1034.5
1036.0
1076.800048828125
1112.800048828125
1075.199951171875
887.0482788085938
1023.4000244140625
969.635498046875
951.502685546875
745.2042236328125
1069.4000244140625
1061.0999755859375
1051.800048828125
1114.4000244140625
1205.5999755859375
1189.199951171875
1134.199951171875
1102.199951171875
843.56982421875
1123.0
1015.2000122070312
1189.800048828125
1223.4000244140625
1231.300048828125
1156.4000244140625
1087.699951171875
1177.199951171875
1190.800048828125
1241.5
1185.699951171875
1017.2999877929688
964.9180908203125
844.4130859375
1027.9000244140625
1173.9000244140625
1121.5
998.7271728515625
1137.699951171875
1129.0999755859375
1185.0
896.5648193359375
1163.4000244140625
1036.5999755859375
889.1624755859375
1094.300048828125
1279.9000244140625
1016.9000244140625
1076.199951171875
1148.0999755859375
1138.800048828125
904.5322875976562
940.9135131835938
1130.5
1085.0
1142.5999755859375
1211.5
915.0048217773438
1251.699951171875
1228.0999755859375
959.3474731445312
963.1259765625
1031.699951171875
1172.0
1105.0
996.557373046875
1051.5999755859375
1142.5
1257.199951171875
1058.9000244140625
1049.5
1160.4000244140625
1233.0
1014.0999755859375
1085.4000244140625
970.589111328125
1034.699951171875
1139.9000244140625
1171.5
980.1785278320312
878.6939697265625
1017.7999877929688
1001.7000122070312
1173.9000244140625
1026.5
1065.199951171875
1001.7999877929688
1121.5999755859375
961.6337890625
1208.5999755859375
1050.199951171875
989.455810546875
1087.9000244140625
852.6978149414062
1303.5999755859375
964.3732299804688
1045.199951171875
1006.0
1110.800048828125
1283.5999755859375
1264.800048828125
976.2078247070312
988.26318359375
1255.5999755859375
1087.0999755859375
1035.4000244140625
1106.5999755859375
1110.699951171875
1044.0999755859375
1195.0
909.1392822265625
1049.699951171875
879.43798828125
1067.199951171875
1267.0999755859375
1095.0
1052.4000244140625
1095.699951171875
1098.9000244140625
894.3790283203125
1053.4000244140625
1098.9000244140625
1168.699951171875
1143.5999755859375
1280.199951171875
1183.300048828125
1044.5
1312.199951171875
1117.9000244140625
1124.5999755859375
1330.0
1055.199951171875
931.3201904296875
918.403076171875
1303.199951171875
1221.0
908.8519897460938
1155.199951171875
1040.0
778.3175048828125
988.8372802734375
1069.800048828125
1062.800048828125
1271.699951171875
1173.0999755859375
1419.4000244140625
1023.5999755859375
1113.199951171875
1193.5
939.3311767578125
1146.699951171875
1126.4000244140625
1141.0
1138.800048828125
1095.5
1001.7000122070312
1101.0999755859375
1130.5
953.2532958984375
1019.0999755859375
1168.5
1221.800048828125
1039.300048828125
948.852783203125
1219.0999755859375
1185.800048828125
959.39501953125
1115.300048828125
1158.199951171875
1144.0999755859375
1262.800048828125
1050.300048828125
1071.800048828125
986.6951904296875
1076.0999755859375
1307.300048828125
1117.800048828125
1020.2000122070312
822.99951171875
1028.5999755859375
1366.300048828125
1287.9000244140625
1092.4000244140625
1168.300048828125
1163.9000244140625
1219.300048828125
1005.9000244140625
1209.300048828125
956.5588989257812
977.44921875
1055.0
934.9735717773438
1019.0999755859375
1024.300048828125
1346.699951171875
990.8228759765625
852.5994873046875
1033.5
955.3140258789062
1193.300048828125
1213.199951171875
1055.5
968.8121948242188
1267.5999755859375
1186.0
876.989013671875
910.9468994140625
1070.300048828125
1023.2000122070312
1161.800048828125
1225.5999755859375
994.3831787109375
1161.199951171875
1058.5999755859375
950.8717041015625
1189.9000244140625
1163.0
1145.199951171875
1216.0999755859375
944.623779296875
1295.5
1132.800048828125
1161.5
1069.9000358581543
