1.1099580526351929
1.200187087059021
0.9861818552017212
0.849826455116272
1.2395288944244385
1.0615019798278809
1.1072957515716553
1.0100126266479492
1.1315994262695312
0.9487688541412354
1.0498430728912354
0.9363621473312378
1.0421867370605469
0.9013769626617432
1.224130630493164
1.1243703365325928
1.0529179573059082
1.1036481857299805
1.0611400604248047
1.05251944065094
0.9641396999359131
1.1310821771621704
1.143708348274231
1.209969162940979
1.2277299165725708
1.084998607635498
1.0193206071853638
0.8837777376174927
1.1737622022628784
1.3598977327346802
0.8916864395141602
0.933302104473114
1.293064832687378
1.1548718214035034
0.9378942251205444
1.1686104536056519
0.904996931552887
0.7909879684448242
1.1867177486419678
1.2702808380126953
1.027421474456787
1.1802210807800293
1.0040550231933594
1.1451669931411743
1.2330667972564697
1.1233280897140503
1.1575411558151245
1.1194562911987305
1.1112334728240967
0.8296357989311218
1.1303143501281738
1.0592153072357178
0.90050208568573
1.1726406812667847
0.9976094961166382
1.2095733880996704
0.9365913271903992
1.2207491397857666
1.2424139976501465
1.2518399953842163
1.0226690769195557
1.2462317943572998
1.1887987852096558
1.2071832418441772
1.1446959972381592
1.2288697957992554
1.016223430633545
1.0129294395446777
1.0456452369689941
1.1975677013397217
1.0601744651794434
0.8778680562973022
1.0664358139038086
0.8160750865936279
1.191556453704834
1.2629438638687134
1.0313324928283691
0.9888710975646973
0.951626181602478
0.9791814088821411
1.1741136312484741
1.1000416278839111
1.2056077718734741
1.035119652748108
0.9850202798843384
1.096394419670105
1.1816624402999878
1.135338544845581
0.8960345387458801
1.3013652563095093
1.0170886516571045
1.1532052755355835
1.0312840938568115
1.0850841999053955
1.187077283859253
1.0234169960021973
1.0164746046066284
1.0156843662261963
1.2095074653625488
1.1828906536102295
1.176734447479248
1.138563632965088
0.900412380695343
1.1636353731155396
1.099046230316162
1.0271780490875244
1.2146046161651611
0.9168272614479065
1.1669201850891113
0.984859824180603
1.0081267356872559
1.0671336650848389
1.0027973651885986
0.84857577085495
0.9129525423049927
1.1226203441619873
1.132992148399353
0.9512137174606323
0.9123020768165588
0.8061792850494385
1.2112277746200562
0.9804458618164062
0.8772081732749939
1.228589653968811
1.063875436782837
1.0935733318328857
0.9844052791595459
0.9059417247772217
1.098233938217163
1.2589643001556396
1.0923962593078613
1.2185628414154053
1.0976064205169678
1.167262315750122
0.9387667179107666
1.0980304479599
1.0709868669509888
1.061478614807129
1.2685843706130981
0.9150396585464478
1.0923373699188232
1.0319966077804565
0.9757023453712463
0.8981884121894836
1.0076711177825928
1.1146204471588135
1.1957992315292358
1.0426936149597168
1.0143425464630127
1.1185393333435059
1.0169116258621216
0.9684034585952759
1.3039355278015137
0.9509928226470947
0.945083737373352
1.219264268875122
0.963346540927887
0.9897710084915161
1.0570292472839355
1.162886142730713
1.331327199935913
1.1391215324401855
1.196603775024414
1.1884980201721191
1.047545075416565
1.1399884223937988
1.2193937301635742
1.096342921257019
1.0108267068862915
1.0931316614151
0.7606831789016724
1.0415570735931396
0.8888867497444153
1.1263742446899414
0.9655517339706421
1.2849581241607666
0.9539399147033691
1.1622824668884277
1.1648454666137695
1.20638108253479
1.2075910568237305
0.9451895356178284
1.1810927391052246
0.9688686728477478
0.9117659330368042
0.8959074020385742
1.0828709602355957
0.9515378475189209
0.7948813438415527
0.9005808234214783
1.2430388927459717
1.1030752658843994
1.111602544784546
1.077636480331421
0.9459298253059387
1.0475265979766846
1.078747272491455
1.1688683032989502
0.9465028643608093
0.9201335310935974
1.1221646070480347
1.1921119689941406
1.1415520906448364
1.2611236572265625
1.1471636295318604
1.2235064506530762
1.0503087043762207
1.1676702499389648
1.1197696924209595
1.2046654224395752
1.0524518489837646
1.0918047428131104
0.9844463467597961
0.8534500002861023
0.9750354290008545
1.1924171447753906
1.1589807271957397
1.1210637092590332
1.0198700428009033
1.1601241827011108
1.1030197143554688
1.2623388767242432
1.1179651021957397
1.1850330829620361
1.0739657878875732
1.1915428638458252
0.8634371757507324
1.2474170923233032
1.0646095275878906
1.0721124410629272
1.1383460760116577
1.1150784492492676
1.1497209072113037
1.2023144960403442
1.3377854824066162
1.1413484811782837
1.1871154308319092
1.1076152324676514
1.044154167175293
1.018565058708191
1.1204419136047363
1.1731901168823242
1.0232577323913574
1.0424015522003174
0.9288767576217651
1.0903005599975586
1.1795450448989868
1.2236857414245605
1.1227574348449707
0.9296126961708069
1.1457269191741943
1.075350046157837
0.823849081993103
1.163185715675354
1.2295453548431396
1.030576229095459
0.9849990606307983
1.1667696237564087
1.2334116697311401
1.0365556478500366
0.9959337115287781
1.115342378616333
1.1781266927719116
1.2871496677398682
1.1193227767944336
0.8574534058570862
0.869631826877594
0.9424641132354736
1.0085805654525757
1.1043848991394043
1.140803575515747
0.9867837429046631
0.8114013075828552
1.1427409648895264
1.3005974292755127
1.1685636043548584
1.0209362506866455
1.1321296691894531
1.2159548997879028
1.1547648906707764
1.2831817865371704
1.0570855140686035
1.1479461193084717
0.9207198619842529
1.1196396350860596
1.0364688634872437
0.9745771884918213
0.8134039044380188
1.1188700199127197
1.0460026264190674
1.1166141033172607
1.1201229095458984
0.9845890402793884
1.0536797046661377
1.076277732849121
1.0914437770843506
1.1778091192245483
1.246238350868225
1.1871933937072754
0.9073716402053833
0.9223222732543945
1.0885546207427979
1.015572428703308
1.1755646467208862
0.9856302738189697
1.1829640865325928
1.1258478164672852
1.0598666667938232
1.1841740608215332
1.0942189693450928
1.1401219367980957
0.9046619534492493
1.0487830638885498
1.0112888813018799
1.1937100887298584
0.9157471060752869
0.9539716839790344
1.0384700298309326
1.2373523712158203
1.1078628301620483
1.137585163116455
1.1202086210250854
1.287333369255066
0.9789159297943115
1.1173095703125
1.0360456705093384
0.9553965330123901
1.1079065799713135
1.128921389579773
1.058741569519043
1.0466281175613403
1.0410716533660889
1.065352201461792
0.8933113813400269
1.0006294250488281
1.1405051946640015
1.0380505323410034
0.8762086033821106
0.9059829115867615
1.147287130355835
1.116313099861145
1.0910817384719849
1.0926569700241089
1.0332461595535278
1.0346026420593262
1.360516905784607
1.1542327404022217
0.9249246120452881
0.8972635269165039
0.861628532409668
0.9670825004577637
0.9761009216308594
1.1541396379470825
0.888697624206543
1.0587583780288696
1.0441876649856567
0.9104186296463013
1.2169606685638428
1.1726397275924683
1.1174991130828857
1.0524134635925293
0.9876031875610352
1.0417323112487793
1.1344366073608398
1.1869045495986938
1.112486720085144
0.9489302039146423
0.743547260761261
1.1018249988555908
1.0839123725891113
0.9920768141746521
1.0381635427474976
1.1671814918518066
1.1602458953857422
1.221270203590393
0.940191388130188
1.0330877304077148
1.188950777053833
1.0745776891708374
0.9293115139007568
1.002553105354309
1.1457380056381226
1.073134422302246
1.1646759510040283
1.2490050792694092
1.236967921257019
0.9499011039733887
1.1756387948989868
1.2147654294967651
1.2359199523925781
1.0887737274169922
1.1480648517608643
0.9502692818641663
1.115034818649292
1.0656253099441528
1.2291786670684814
1.1171443462371826
1.1535377502441406
1.1299033164978027
1.1166348457336426
1.186719298362732
1.1178877353668213
1.2636523246765137
1.0883713960647583
1.1374564170837402
1.0673891305923462
1.0930829048156738
1.0233135223388672
1.0768941640853882
1.0919764041900635
1.1945924758911133
1.1103156805038452
0.9405747056007385
1.1696492433547974
0.9641799330711365
1.1984527111053467
1.121838092803955
1.0915838479995728
1.1120047569274902
0.980502724647522
1.1349830627441406
0.957175612449646
1.2175358533859253
1.088294506072998
1.1160356998443604
1.0099437236785889
0.9611341953277588
1.0841341018676758
1.112134337425232
1.1499085426330566
1.0794258117675781
1.2839109897613525
1.288571834564209
1.0516020059585571
1.0335605144500732
1.2056989669799805
1.0949981212615967
0.833998441696167
0.9133232235908508
1.223200798034668
1.2715277671813965
1.0056920051574707
1.1684650182724
1.155227541923523
1.0742762088775635
0.8362494707107544
1.3564434051513672
1.1373753547668457
1.1043570041656494
1.1843845844268799
0.9992082118988037
0.8535342812538147
1.0788005590438843
1.1445960998535156
1.167959213256836
1.0034376382827759
1.017389178276062
1.0015997886657715
1.0890426635742188
0.8757227063179016
1.0106573104858398
1.0346605777740479
1.0581117868423462
0.8673065304756165
1.0911868810653687
1.0617289543151855
1.1835052967071533
0.9963045120239258
1.0554320812225342
1.0714027881622314
0.9529482126235962
1.0894322395324707
0.9696810245513916
1.1269123554229736
0.9692263007164001
1.2434464693069458
0.9682968258857727
1.1483298540115356
1.061068058013916
1.1337355375289917
0.9089522957801819
1.1806597709655762
1.1014633178710938
1.3235211372375488
1.1396578550338745
1.0857901573181152
1.1377980709075928
1.115229606628418
1.150686264038086
1.079653024673462
1.07590913772583
1.1378214359283447
0.9544873237609863
1.113726019859314
0.9880675077438354
0.9908274412155151
0.9405938982963562
0.9026100039482117
1.0683493614196777
1.1576752662658691
0.9880568385124207
1.126930832862854
1.1436209678649902
1.2099802494049072
1.1618859767913818
1.0646281242370605
1.2437025308609009
1.24921715259552
0.9968857169151306
1.1436638832092285
1.0029501914978027
1.1943941116333008
1.157914161682129
1.1489812135696411
1.1746429204940796
0.9572420120239258
1.1395459175109863
1.2116600275039673
1.1410419940948486
1.1085991859436035
1.1500651836395264
1.1914507150650024
1.0060778856277466
1.0980103015899658
1.185866355895996
1.141286849975586
1.1403008699417114
1.1368969678878784
1.1663269996643066
1.1926047801971436
1.091040015220642
0.9077609777450562
0.9721561074256897
1.1103909015655518
1.0203895568847656
1.1311511993408203
1.231095314025879
1.197035789489746
0.9598466157913208
0.9951068162918091
1.206099271774292
1.0343732833862305
1.0571033954620361
1.0563538074493408
0.9746663570404053
1.0887346267700195
1.256716251373291
1.1482152938842773
1.0055066347122192
1.160720705986023
1.0495104789733887
1.0282703638076782
1.2292242050170898
1.1810983419418335
1.1058363914489746
1.1708680391311646
0.9655996561050415
0.906794011592865
0.962012767791748
1.1504820585250854
1.0371394157409668
0.9526287317276001
1.1755274534225464
0.9593269228935242
1.1289875507354736
1.011210560798645
1.2266770601272583
0.9383848905563354
1.116997480392456
1.262677550315857
0.9307539463043213
1.0213890075683594
1.0426589250564575
1.026214838027954
1.0651576519012451
0.9456418752670288
1.1515400409698486
0.804498553276062
1.102430820465088
0.890013575553894
1.0692086219787598
0.9951044917106628
0.9767822623252869
0.8363226652145386
1.1704118251800537
1.164207935333252
1.0779211521148682
1.0462260246276855
1.124242901802063
1.1613272428512573
1.0885847806930542
1.1127116680145264
1.168715238571167
1.1329900026321411
1.1531753540039062
1.0770177841186523
1.1174335479736328
1.1333892345428467
1.218442440032959
0.9763408899307251
0.983333170413971
1.1855545043945312
1.1632256507873535
1.1962052583694458
0.9248220920562744
1.04575514793396
1.2963171005249023
1.011739730834961
1.1446609497070312
1.1457833051681519
1.1140120029449463
1.1333529949188232
1.205683946609497
0.9785434603691101
1.2789230346679688
0.8029017448425293
1.1718928813934326
1.1377058029174805
1.0475196838378906
0.9858506917953491
1.0725655555725098
1.1905817985534668
1.0739927291870117
0.9816858768463135
1.2068793773651123
1.1493464708328247
0.8867148160934448
1.1491751670837402
1.163817286491394
0.963884174823761
0.9899687170982361
1.132040023803711
0.8546285629272461
1.1019165515899658
1.022762417793274
0.9344448447227478
0.9551892876625061
1.0092308521270752
1.2659571170806885
1.0315830707550049
1.0270862579345703
1.0894193649291992
1.018049716949463
0.980501651763916
0.9900059700012207
1.1624886989593506
1.038712739944458
1.1001054048538208
1.1372753381729126
1.1682617664337158
1.1925145387649536
1.2095165252685547
1.193044662475586
0.8620538711547852
0.8530908823013306
1.2678897380828857
1.0249155759811401
1.1445188522338867
1.1947202682495117
1.1088764667510986
1.0014538764953613
1.0742344856262207
0.9623279571533203
1.0085898637771606
0.9866474866867065
1.1057980060577393
1.0713194608688354
1.1001893281936646
1.282354712486267
1.0097589492797852
1.1386187076568604
1.077301263809204
0.9518681764602661
1.2004497051239014
0.987472653388977
1.1961172819137573
0.9098045825958252
0.8416961431503296
1.1539530754089355
1.172576665878296
1.1462907791137695
1.1413326263427734
1.0567325353622437
1.158726453781128
1.0266737937927246
1.005720615386963
1.0816291570663452
1.2719521522521973
1.122436761856079
1.1739847660064697
1.0981764793395996
0.8800957798957825
1.0513205528259277
1.082747220993042
1.156166911125183
1.0171265602111816
1.062605619430542
1.0975325107574463
1.1485434770584106
0.9743432998657227
0.9931998252868652
1.128948450088501
0.8157276511192322
1.1730523109436035
1.0196120738983154
1.1100895404815674
1.0471892356872559
1.2181265354156494
1.1720064878463745
1.2156797647476196
0.9577483534812927
1.0222517251968384
1.27182936668396
1.1313679218292236
1.1545169353485107
1.0951917171478271
1.1081435680389404
1.1996774673461914
1.0153577327728271
1.1097004413604736
1.2186849117279053
0.9924644231796265
1.1746817827224731
1.0256571769714355
1.0217987298965454
0.9654995799064636
1.0834202766418457
1.0247540473937988
1.0653656721115112
0.9438785314559937
1.1512073278427124
1.0214391946792603
0.9701822996139526
1.0469484329223633
0.839213490486145
0.9007259607315063
1.1466740369796753
1.113223671913147
1.0013550519943237
1.1374895572662354
1.0555789470672607
1.0419120788574219
1.0113136768341064
0.8311448097229004
1.2392879724502563
1.2103159427642822
1.0599950551986694
1.205714225769043
1.2662688493728638
1.1452237367630005
1.0512001514434814
1.0802679061889648
0.9667646884918213
1.1988906860351562
1.293071985244751
1.022737979888916
0.9718475937843323
1.120065450668335
1.0133192539215088
1.0284898281097412
1.1105287075042725
1.1264396905899048
1.1292712688446045
0.9022756814956665
1.0847785472869873
1.0704946517944336
1.2271019220352173
0.8294168710708618
1.092271327972412
1.104010820388794
1.0115001201629639
1.0541720390319824
1.2373216152191162
0.9108685851097107
1.032712459564209
1.1041183471679688
1.1609892845153809
1.0696758031845093
1.1884675025939941
1.2054442167282104
1.0912885665893555
1.2378511428833008
1.1076016426086426
1.1132526397705078
1.0068702697753906
1.0258502960205078
1.2348902225494385
1.2987421751022339
1.2305595874786377
1.1592073440551758
1.0037505626678467
1.0739572048187256
1.1079370975494385
1.1370381116867065
0.9521239995956421
1.218003511428833
1.1413990259170532
0.9407331943511963
1.1300116777420044
0.9596324563026428
1.2088706493377686
1.0650019645690918
1.021790862083435
1.0207672119140625
0.8870236277580261
1.0954968929290771
1.0578826665878296
0.9608845114707947
1.1476702690124512
0.9586540460586548
1.1010558605194092
0.960747480392456
0.8645111322402954
1.1868417263031006
0.9689094424247742
1.1722874641418457
1.1555005311965942
1.088866949081421
1.1463441848754883
0.938218355178833
1.2245609760284424
1.289379596710205
1.1317076683044434
1.2892723083496094
1.0140306949615479
1.0568678379058838
1.181250810623169
0.8487502336502075
0.9324045181274414
0.9261269569396973
0.9061286449432373
0.8907443284988403
1.1718181371688843
1.1381521224975586
1.198329210281372
1.2326934337615967
1.0635377168655396
0.8973948955535889
1.0689374208450317
0.9820895195007324
1.1160107851028442
1.13876211643219
0.8927410840988159
0.9957914352416992
1.190640926361084
0.9869825839996338
1.1957651376724243
1.0331106185913086
1.3629902601242065
1.3589638471603394
1.0480656623840332
1.136620044708252
1.1525970697402954
1.2548694610595703
1.1120994091033936
0.937950074672699
0.9534234404563904
1.1299982070922852
1.0605802536010742
1.0295356512069702
1.1638226509094238
0.9658960700035095
1.0263235569000244
0.8882191777229309
1.030644416809082
1.079944372177124
0.930525004863739
0.9216529726982117
1.0408698320388794
1.1042742729187012
0.9229081869125366
1.116129755973816
1.1375821828842163
1.0448929071426392
1.1336387395858765
0.8419333100318909
1.0288982391357422
1.125058650970459
1.1944347620010376
0.8438870310783386
0.9320915937423706
1.073087453842163
1.128503680229187
1.0942881107330322
1.1351014375686646
1.1645188331604004
0.9468263387680054
1.1207528114318848
1.1623213291168213
1.1152629852294922
0.9830973744392395
1.006101369857788
1.0048024654388428
1.1406421661376953
1.2211509943008423
0.9859748482704163
1.0117682218551636
1.1430230140686035
1.1190800666809082
1.0128852128982544
1.1909515857696533
0.8463361263275146
1.262223720550537
1.1600301265716553
0.958013117313385
1.226683259010315
1.2101645469665527
1.040215015411377
0.8622890710830688
1.2254157066345215
0.7948596477508545
0.9301800727844238
0.8902236223220825
1.0855090618133545
0.975596010684967
0.810973584651947
1.046226143836975
1.1015000343322754
0.7463189363479614
1.138802409172058
1.038719892501831
1.096644639968872
1.297102689743042
1.0571777820587158
1.1212455034255981
1.0235368013381958
1.2372537851333618
1.1311460733413696
0.998576819896698
1.0748579502105713
0.8639447093009949
0.7955090999603271
1.067403793334961
1.0150911808013916
1.0281027555465698
1.0383660793304443
0.9945737719535828
1.0156514644622803
1.2435250282287598
1.1966967582702637
1.1210569143295288
1.0743820667266846
0.9348546862602234
1.0584337711334229
0.9302424192428589
1.205095648765564
1.118693232536316
1.0476152896881104
1.1826701164245605
0.918707013130188
1.1949334144592285
0.9867131114006042
1.2996885776519775
1.1675467491149902
1.0410094261169434
0.9530227184295654
1.043863296508789
0.9692096710205078
1.0654231309890747
0.9275617599487305
1.069839358329773
1.2388056516647339
0.9566879272460938
0.9808530807495117
1.191131591796875
1.0427371263504028
1.1071382761001587
1.047471046447754
1.3122847080230713
0.9724142551422119
1.0952098369598389
1.0282729864120483
1.1615668535232544
1.0437915325164795
0.8860433101654053
1.291964054107666
1.073040246963501
0.9942237734794617
1.0880684852600098
1.0217403173446655
1.1790753602981567
0.9205599427223206
1.2192156314849854
1.260758399963379
0.9621784090995789
1.067633032798767
1.1231728792190552
1.2874674797058105
1.076496958732605
1.1883714199066162
0.9042766094207764
1.2125484943389893
1.1707961559295654
1.0224285125732422
1.1521670818328857
1.208573341369629
1.2363557815551758
1.0798567533493042
0.9383093118667603
1.1361020803451538
1.1583083868026733
1.1272218227386475
1.0926663875579834
1.0999670028686523
1.0316383838653564
1.233580470085144
1.308671236038208
1.1819186210632324
1.0666154623031616
1.119929552078247
1.0075806379318237
1.0523772239685059
1.0771267414093018
1.0694875717163086
1.0896680355072021
1.024562120437622
0.934131383895874
1.1279258728027344
1.0897361040115356
1.0009052753448486
1.1829489469528198
1.12311589717865
1.1726166009902954
1.0540035963058472
1.0747685432434082
1.2232367992401123
1.2062090635299683
0.9915421009063721
1.1601309776306152
1.105858325958252
1.0137256383895874
1.062849760055542
1.0652365684509277
1.055264949798584
1.219135046005249
1.1599247455596924
1.0692138671875
1.0401780605316162
1.0939323902130127
1.1594637632369995
1.160272240638733
1.0365533828735352
0.8758718967437744
0.8351693749427795
1.103501796722412
1.1068252325057983
0.9583919048309326
1.1444156169891357
0.9816895723342896
1.1268231868743896
1.1353914737701416
1.0845654010772705
1.2069355249404907
1.1867644786834717
1.0787737369537354
1.190904140472412
0.9804258942604065
0.9363408088684082
1.1082957983016968
0.9116597771644592
1.0468690395355225
1.2524182796478271
1.0253052711486816
1.1828855276107788
0.952853262424469
1.1172058582305908
1.1564735174179077
1.1305804252624512
1.065414309501648
0.9393226504325867
1.004418134689331
1.1951463222503662
1.2765036821365356
1.0742006301879883
1.1672261953353882
1.0384340286254883
1.0700159072875977
1.1236236095428467
1.0802768468856812
1.0172533988952637
0.8762968182563782
0.9000856280326843
1.119327425956726
1.0541918277740479
1.152124285697937
1.0458707809448242
1.0173200368881226
1.1058316230773926
1.0505090951919556
1.0810537338256836
0.9443082213401794
1.2131986618041992
0.8373445272445679
1.0352003574371338
1.2107239961624146
1.2361423969268799
1.1180373430252075
0.7360650300979614
1.1063838005065918
0.9001455903053284
1.0007619857788086
1.053062915802002
1.172492265701294
1.0325844287872314
1.0597515106201172
1.1963337659835815
1.246103048324585
1.176722526550293
1.1442879438400269
1.291078805923462
1.2934672832489014
1.241929292678833
1.0983374118804932
1.1599647998809814
0.8514457941055298
1.2008967399597168
0.939638614654541
1.1079708337783813
0.9705539345741272
1.1522064208984375
1.0381271839141846
1.0637397766113281
1.070295810699463
1.0064677000045776
1.23360013961792
0.8875938057899475
1.1699501276016235
1.2178270816802979
0.9791983366012573
1.0966312885284424
0.8742406368255615
1.091128945350647
0.9966769814491272
1.054027795791626
1.078358769416809
1.0657527446746826
0.8380846977233887
1.0544712543487549
0.9380357265472412
0.9687073230743408
1.2061280012130737
0.9318835139274597
1.2822840213775635
1.108625888824463
1.0932791233062744
1.122636079788208
1.1665760278701782
0.9840695858001709
1.190887212753296
1.2151014804840088
1.2438404560089111
1.219529628753662
0.9397609829902649
1.1401575803756714
1.0496423244476318
1.2036218643188477
1.2336046695709229
1.2471381425857544
0.9983266592025757
1.1191585063934326
1.0653434991836548
1.2510371208190918
1.072443962097168
1.118862509727478
0.9551834464073181
1.0669641494750977
1.0581855773925781
1.0429846048355103
1.1845266819000244
1.2144033908843994
1.152596354484558
1.0035383701324463
1.1819732189178467
1.1625083684921265
1.0665546655654907
0.8593679666519165
0.908190906047821
1.1928250789642334
1.0324496030807495
1.2185049057006836
1.1366417407989502
0.9121444225311279
1.2937792539596558
0.9111402630805969
1.1237366199493408
0.9818865060806274
0.96299147605896
1.2640262842178345
1.1541965007781982
1.181532859802246
1.222445011138916
1.1547460556030273
1.0960273742675781
0.9406082034111023
1.0721220970153809
1.2043743133544922
1.1229674816131592
1.2134970426559448
1.1797882318496704
0.8642427921295166
1.2044692039489746
1.1815762519836426
1.1673171520233154
1.1255979537963867
1.03126859664917
1.0704476833343506
0.8506891131401062
1.0498536825180054
0.9962830543518066
1.00361168384552
0.8027738332748413
1.2385625839233398
1.2041964530944824
1.1826947927474976
0.9207808971405029
1.2199599742889404
0.9313644170761108
1.2404162883758545
1.0601444244384766
1.0686864852905273
1.0808477401733398
0.9558634161949158
1.0084435939788818
1.2085278034210205
1.1267926692962646
0.8779352307319641
1.0260381698608398
1.0342921018600464
1.1377842426300049
0.9582971334457397
1.182105541229248
1.160292148590088
1.1875243186950684
1.0313220024108887
1.003807544708252
1.135512351989746
1.0117219686508179
1.2046116590499878
1.3024487495422363
1.0267378091812134
1.320631980895996
1.2231448888778687
1.2662166357040405
1.0001436471939087
1.08878493309021
1.0599687099456787
1.1073811054229736
1.040015459060669
1.0505623817443848
0.9209294319152832
0.8506772518157959
1.2406846284866333
1.3442904949188232
1.114108681678772
1.0909948348999023
1.0777069330215454
1.0937085151672363
0.8412365317344666
1.0684014558792114
1.0477856397628784
1.2143137454986572
1.1840487718582153
1.0127780437469482
0.8817949295043945
1.2461813688278198
1.2532577514648438
1.0204299688339233
1.0155432224273682
1.1002709865570068
1.092194676399231
1.1379631757736206
1.260372281074524
1.0186500549316406
1.1412408351898193
1.0474138259887695
0.9511292576789856
1.0858027935028076
1.1469767093658447
1.0190826654434204
0.8930568695068359
1.1798425912857056
1.174755573272705
0.9880620837211609
1.2305128574371338
1.0734004974365234
1.1488579511642456
1.13462495803833
1.127832055091858
1.1054816246032715
1.1631062030792236
1.1605181694030762
0.9419424533843994
0.9860553741455078
1.0469303131103516
1.0419312715530396
1.0865135192871094
1.0741286277770996
1.072923183441162
1.1938269138336182
1.0271210670471191
0.9675679206848145
1.1201460361480713
1.2738538980484009
1.2929097414016724
1.1278448104858398
1.1170324087142944
1.1284388303756714
0.8766204118728638
1.2288117408752441
1.1209731101989746
1.0627820491790771
1.0997306108474731
1.2592912912368774
1.1692084074020386
0.9426261782646179
1.1494755744934082
0.8035531044006348
1.2088197469711304
1.2378623485565186
0.939329981803894
1.1498234272003174
0.9311531186103821
1.0832067728042603
0.932217538356781
1.0938186645507812
0.8981160521507263
1.003176212310791
0.9216288924217224
0.9774987697601318
1.028240442276001
1.268184781074524
1.218963623046875
1.018261194229126
1.0776326656341553
0.9902276396751404
0.919640839099884
1.006922721862793
1.1762878894805908
0.9869232177734375
1.022969365119934
1.1478174924850464
1.133709192276001
1.2390811443328857
1.1997822523117065
1.2697584629058838
1.0894052982330322
1.2307155132293701
1.091825246810913
1.1044061183929443
1.175814151763916
1.0371801853179932
0.9947522878646851
1.0291917324066162
1.14863920211792
1.079188346862793
0.9123358726501465
1.052103042602539
1.138152837753296
0.9076334238052368
1.007495403289795
0.9563112854957581
1.282958745956421
1.058042049407959
1.103960633277893
1.061945915222168
1.0551843643188477
1.2634003162384033
1.2718316316604614
0.9988735914230347
1.0816987752914429
1.2061259746551514
1.0433549880981445
0.9317406415939331
1.203471064567566
0.9596290588378906
0.9854660630226135
1.1471196413040161
1.076671838760376
1.1806862354278564
1.2112762928009033
1.1019439697265625
1.1286557912826538
1.028533935546875
0.8491440415382385
1.1279739141464233
0.950168251991272
1.0773056745529175
0.8951227068901062
1.0642099380493164
1.26481032371521
0.9343477487564087
1.1880630254745483
1.0765442848205566
1.1120458841323853
1.0522481203079224
1.1070568561553955
1.055504560470581
1.0853972434997559
0.9534229040145874
0.9279448986053467
1.067699670791626
1.0861880779266357
1.2331898212432861
1.0663063526153564
0.8858810663223267
0.8653767108917236
1.0847676992416382
1.1640985012054443
0.9991589188575745
1.1450146436691284
1.0448451042175293
1.1927911043167114
1.0420362949371338
0.888427197933197
0.9389007687568665
1.1798732280731201
1.2009884119033813
1.1243798732757568
1.2052048444747925
1.1019747257232666
1.2826268672943115
1.1896092891693115
1.0609098672866821
0.828208863735199
1.0540478229522705
0.9779977798461914
1.0119688510894775
1.2077772617340088
1.004294514656067
1.0854952335357666
1.2783666849136353
0.9839200973510742
1.0765221118927002
1.1082102060317993
1.1382685899734497
1.0609581470489502
0.8005552291870117
1.085995078086853
1.1372387409210205
1.048465609550476
1.0393915176391602
0.9408679008483887
1.0800299644470215
1.0128614902496338
1.0242338180541992
1.047395944595337
1.1018543243408203
1.2633551359176636
1.027411699295044
0.8505070805549622
1.1309845447540283
1.0332196950912476
1.171302318572998
0.9873113632202148
1.000927448272705
0.8960415124893188
1.2066268920898438
0.8046122193336487
1.1632570028305054
0.9306733012199402
1.0192852020263672
0.8673518896102905
1.143521785736084
0.9208828210830688
1.1628108024597168
1.1525578498840332
1.149651050567627
0.9835081696510315
1.1152113676071167
0.9181274175643921
0.7882483601570129
1.080000877380371
1.0863299369812012
1.0469707250595093
0.972917914390564
1.2133537530899048
1.011711597442627
0.9658905863761902
1.247527003288269
1.0796672105789185
1.2320740222930908
1.1386038064956665
0.8946323990821838
0.9247368574142456
0.7065684199333191
1.1313143968582153
1.0822384357452393
0.9397139549255371
1.232921838760376
1.181952953338623
1.1959949731826782
1.0172122716903687
1.037590742111206
1.082517385482788
1.125378966331482
0.9881168603897095
1.049889087677002
0.9652649760246277
1.025125503540039
0.9687058925628662
0.9175560474395752
1.170233130455017
1.0506317615509033
1.2204266786575317
1.1170355081558228
1.2913877964019775
1.1290919780731201
1.1070775985717773
1.1920771598815918
1.2136150598526
0.9946157932281494
1.0433261394500732
1.0478136539459229
0.8603337407112122
1.2657800912857056
0.9355008602142334
1.1980311870574951
1.1192877292633057
1.0247652530670166
1.1272504329681396
1.155307650566101
0.9766739010810852
0.9668553471565247
1.0825698375701904
1.063333511352539
1.1818242073059082
0.9180811047554016
0.9707790017127991
1.1068365573883057
1.2376790046691895
1.201006293296814
0.8455647230148315
1.1768016815185547
1.0589640140533447
1.1079046726226807
1.0657970905303955
1.2766557931900024
1.1661560535430908
0.8842823505401611
1.1851811408996582
0.9267874360084534
1.0065555572509766
1.104552984237671
1.0543835163116455
0.964986264705658
1.0788321495056152
1.0588176250457764
0.9876814484596252
1.1591652631759644
1.114988088607788
1.0347236394882202
1.1552650928497314
0.9241923689842224
1.1227034330368042
1.077802300453186
1.1827330589294434
1.0899028778076172
0.9545334577560425
0.7950276136398315
1.052632451057434
1.061021327972412
0.9603540897369385
1.0794318914413452
1.1584787368774414
1.137085199356079
1.1581816673278809
1.0049035549163818
1.1160386800765991
0.8933095932006836
1.1902738809585571
1.1975340843200684
1.0729461908340454
1.0449531078338623
0.9898711442947388
0.9943105578422546
0.9439215660095215
1.097185492515564
1.1471171379089355
0.970721423625946
1.1238080263137817
1.0345962047576904
1.105964183807373
1.1817363500595093
1.2365944385528564
1.0528839826583862
1.1309711933135986
1.1805224418640137
1.0711700916290283
1.0176477432250977
1.0017955303192139
0.9954079985618591
1.234255313873291
1.0011558532714844
1.197374701499939
1.0286098718643188
1.2122137546539307
1.1377992630004883
1.1058425903320312
1.2046657800674438
1.133943796157837
1.1390172243118286
1.0405855178833008
1.1336897611618042
1.075976848602295
0.9988498687744141
1.1256256103515625
0.899720311164856
1.130481243133545
1.0029773712158203
1.0635385513305664
0.950202226638794
1.0317376852035522
0.9684947729110718
1.186898112297058
0.9505605101585388
1.2150206565856934
1.0166544914245605
1.1037278175354004
1.0609928369522095
1.0924816131591797
1.2331091165542603
1.1290806531906128
1.2565943002700806
1.0254416465759277
1.210871696472168
0.9016306400299072
0.9471908807754517
1.120795488357544
1.2150228023529053
1.0078203678131104
1.0529218912124634
1.1867103576660156
1.1527299880981445
1.141054630279541
0.92777419090271
0.9868093729019165
1.1124274730682373
1.0357247591018677
1.1143949031829834
1.0339195728302002
1.2305608987808228
0.9203692674636841
0.9548328518867493
1.0075163841247559
0.9589540958404541
1.0702264308929443
1.0206278562545776
1.137591004371643
0.9919530749320984
0.9282026886940002
1.0882917642593384
1.210505485534668
1.0413451194763184
0.9848330020904541
1.2097322940826416
1.1094186305999756
1.13370943069458
1.0016965866088867
1.207302451133728
0.9001848697662354
1.1175154447555542
0.9930688142776489
1.134474277496338
1.0459585189819336
0.9935028553009033
1.114410638809204
1.0137215852737427
1.1746021509170532
1.142122507095337
0.8258786797523499
1.1324743032455444
1.2087128162384033
1.000706672668457
0.8654873371124268
1.174184799194336
0.9188547730445862
1.0115660429000854
1.1523640155792236
1.1294851303100586
1.1839724779129028
0.9547457098960876
0.9877892732620239
1.2004618644714355
1.2247109413146973
1.2162777185440063
1.1131806373596191
1.012751817703247
0.8639974594116211
1.131199598312378
1.244919776916504
1.0115846395492554
1.057338833808899
0.766816258430481
1.1983423233032227
0.9574422240257263
1.1532328128814697
1.0615476369857788
1.2216708660125732
1.0914137363433838
0.977670431137085
1.166846513748169
0.8908050060272217
1.0011706352233887
1.1525399684906006
1.1253230571746826
1.0052969455718994
1.0797691345214844
1.0176658630371094
1.0541105270385742
1.1953070163726807
1.0096430778503418
1.0425982475280762
1.0816552639007568
1.1934056282043457
1.2246758937835693
1.1621800661087036
1.0644934177398682
1.0827441215515137
0.9223424792289734
1.076098918914795
0.9813559055328369
1.0415594577789307
0.9459200501441956
1.0958069562911987
1.1449089050292969
1.0740444660186768
1.1590068340301514
1.0967323780059814
1.080655813217163
1.2364479303359985
1.3136924505233765
0.8241959810256958
1.1405274868011475
1.2394657135009766
1.135627269744873
1.0607749223709106
1.1402132511138916
0.9398770332336426
0.8613126277923584
0.9948095083236694
1.0239412784576416
1.10394287109375
1.1232627630233765
1.0813887119293213
0.8840363025665283
0.9713360667228699
0.9656940698623657
1.0670288801193237
0.8747050762176514
1.1885559558868408
1.0879764556884766
1.2056055068969727
1.071422815322876
1.0489660501480103
0.9806976318359375
0.8412868976593018
1.0280265808105469
1.042964220046997
1.142139196395874
1.0213944911956787
1.2595916986465454
1.1815857887268066
1.0024738311767578
1.1809797286987305
1.1222140789031982
0.9374852180480957
0.8541061878204346
0.8562877178192139
1.0239354372024536
1.159959316253662
1.013733148574829
1.0495854616165161
1.167757511138916
1.128570795059204
1.0444591045379639
1.1764401197433472
1.241091012954712
1.210476279258728
1.214929461479187
0.9197858572006226
1.1543080806732178
0.889440655708313
0.9658511877059937
1.2407264709472656
1.0253078937530518
1.0599536895751953
0.8939732313156128
1.0531306266784668
0.8713961243629456
1.0088139772415161
1.1625399589538574
1.1241848468780518
1.0609683990478516
1.1995337009429932
1.006021499633789
1.0174832344055176
1.1639422178268433
0.8437057733535767
1.0930860042572021
0.8885140419006348
1.1601784229278564
1.1332377195358276
1.1070077419281006
1.3568997383117676
0.8723031282424927
0.9558024406433105
0.9769840240478516
1.237980604171753
1.1540272235870361
1.1007087230682373
0.9468113780021667
1.1087050437927246
1.1431119441986084
1.1660478115081787
1.0323758125305176
0.9195162653923035
1.0982288122177124
1.1815102100372314
1.0325524806976318
1.181099534034729
0.8883212208747864
1.0449907779693604
0.8960770964622498
0.9844522476196289
1.141567587852478
1.0225927829742432
1.1066925525665283
1.1794986724853516
1.1448681354522705
1.1556248664855957
1.1547755002975464
0.9625694751739502
1.1917940378189087
1.0400521755218506
1.1114152669906616
1.1716396808624268
0.9311401844024658
0.950011134147644
1.1420420408248901
0.7977293729782104
1.145742416381836
1.1653423309326172
1.1836457252502441
0.7969128489494324
1.1239092350006104
1.0150985717773438
1.1299031972885132
1.1149570941925049
1.1759002208709717
1.0885045528411865
1.1121163368225098
1.0637431144714355
0.9077610969543457
1.0728464126586914
1.091330647468567
0.8751571178436279
1.0181386470794678
1.0612646341323853
0.9751641154289246
1.122725486755371
0.9476604461669922
1.1201508045196533
1.0112770795822144
0.9823894500732422
0.9034454226493835
0.9628199934959412
0.9971417784690857
0.9635273218154907
1.0599676370620728
1.0807087421417236
1.0483745336532593
0.9928223490715027
1.1285383701324463
0.9430830478668213
1.1727690696716309
1.065237045288086
1.0992319583892822
1.0767923593521118
1.2121047973632812
0.8797655701637268
1.1470863819122314
0.9302347898483276
1.1095829010009766
1.216483235359192
0.9911797046661377
0.9727798700332642
1.2224671840667725
1.052201747894287
1.114729404449463
1.0717310905456543
0.8296344876289368
1.2809323072433472
0.9435436129570007
1.0708614587783813
0.7714706659317017
0.9871104955673218
1.0891571044921875
0.9631500840187073
1.1095281839370728
1.1141141653060913
0.8812642097473145
1.0168564319610596
0.8924369215965271
1.2576947212219238
1.1912391185760498
1.1878348588943481
1.2372080087661743
1.055596113204956
0.9715911149978638
1.1265758275985718
0.9094275832176208
1.17451012134552
1.0272799730300903
1.0480518341064453
1.1603827476501465
0.959437906742096
1.0794496536254883
1.1751066446304321
1.2641630172729492
1.1486760377883911
1.0861146450042725
1.0528481006622314
1.1186128854751587
1.2615412473678589
0.9171081781387329
1.2324658632278442
0.9115351438522339
1.075679063796997
1.156661033630371
1.098156213760376
1.0131654739379883
0.9664034247398376
1.0248899459838867
0.9421898126602173
1.103691816329956
0.9705241322517395
0.9915682077407837
0.9300259351730347
1.1074461936950684
0.8301490545272827
1.0859431028366089
1.029376745223999
0.8709116578102112
1.117943286895752
1.0192546844482422
0.9958615899085999
1.2179375886917114
1.1993433237075806
1.1562286615371704
1.0543720722198486
1.0490968227386475
1.0945513248443604
0.9655368328094482
1.036177635192871
1.1783064603805542
1.0465292930603027
1.1805551052093506
0.9592798352241516
1.1246155500411987
1.2557305097579956
1.2029449939727783
1.1909551620483398
0.9240641593933105
0.9986684322357178
0.9212774634361267
0.9431940317153931
1.115644931793213
1.0368138551712036
0.9958251714706421
0.8350763320922852
0.7911368608474731
1.2021440267562866
1.195493221282959
0.8280432820320129
1.027080774307251
1.1182523965835571
1.2835019826889038
1.1020123958587646
0.9192362427711487
1.0308101177215576
1.043967843055725
1.2152130603790283
1.0480329990386963
1.063955307006836
0.9407173991203308
0.9900637865066528
1.1034501791000366
1.0568255186080933
1.0334358215332031
0.9446349740028381
1.2010585069656372
1.0435056686401367
1.1362996101379395
0.9046448469161987
1.0941888093948364
1.0034840106964111
0.8154947757720947
1.0551472902297974
0.9843673706054688
1.1780235767364502
1.2661640644073486
0.9435974359512329
1.146425485610962
1.2088677883148193
0.867307722568512
1.0796881914138794
0.9531963467597961
1.1893131732940674
1.0609476566314697
0.997775137424469
1.0186080932617188
1.0952141284942627
1.1877892017364502
0.8352282047271729
1.095424771308899
1.169236660003662
1.2862352132797241
0.8641597628593445
1.000186562538147
1.0644997358322144
1.2026035785675049
1.1823068857192993
0.9628522992134094
1.1235413551330566
1.2210462093353271
0.950923502445221
0.900568425655365
1.0424485206604004
0.8845391273498535
1.1634190082550049
1.0677987337112427
1.053283452987671
1.0612120628356934
1.1551622152328491
1.0983178615570068
1.0655250549316406
1.1701992750167847
1.1997509002685547
1.1138792037963867
0.7778804302215576
1.0032157897949219
1.1837072372436523
1.1571104526519775
1.158945083618164
0.960578203201294
1.182003378868103
1.2362120151519775
1.084022045135498
1.1982083320617676
1.3047995567321777
1.2415251731872559
1.1709519624710083
1.1015303134918213
1.1996262073516846
1.1822967529296875
1.060818076133728
1.2222740650177002
1.1381759643554688
1.1143877506256104
1.1444830894470215
1.2707358598709106
0.8795530796051025
1.0798289775848389
1.1658941507339478
1.0666453838348389
1.061349630355835
1.1363825798034668
1.0798636674880981
1.0651051998138428
1.1997902393341064
1.0306823253631592
1.1935101747512817
1.0373300313949585
1.0226693153381348
1.0207397937774658
1.0615553855895996
0.980897068977356
0.9653361439704895
0.9632366299629211
1.0614056587219238
1.1353428363800049
0.7488758563995361
0.8769318461418152
1.1219117641448975
0.9295814037322998
1.1983766555786133
1.062516450881958
1.1657809019088745
1.1360766887664795
1.1104652881622314
1.1903398036956787
1.159069299697876
1.1394922733306885
0.9782477021217346
1.0663888454437256
1.202599287033081
1.207627534866333
1.114155650138855
1.027809739112854
1.0670348405838013
0.8155394792556763
0.9850854873657227
1.0000237226486206
1.2705308198928833
1.149881362915039
1.076756238937378
1.1657636165618896
1.2030596733093262
1.1742208003997803
1.1159018278121948
1.0341156721115112
1.1025617122650146
1.1719480752944946
1.1608848571777344
1.031247854232788
0.9359784722328186
1.2846540212631226
0.9742344617843628
1.2071107625961304
1.010500192642212
1.2493271827697754
1.0660593509674072
1.2234748601913452
1.0815807580947876
1.149679183959961
1.2299455404281616
0.9984818696975708
1.1789714097976685
1.1218708753585815
1.1409236192703247
1.1886848211288452
0.9924290776252747
1.0333120822906494
0.8745338916778564
1.1057931184768677
1.0763237476348877
0.9026444554328918
1.001600742340088
0.8963345885276794
0.8609886169433594
1.0735406875610352
0.9495511651039124
1.0554680824279785
0.9840354919433594
1.166812539100647
0.7826722860336304
1.1400632858276367
0.9987646341323853
0.9411153197288513
1.17063307762146
1.1943607330322266
1.023207426071167
1.157155990600586
0.9812489151954651
1.0125499963760376
1.0148544311523438
0.9228687286376953
1.1990997791290283
0.9610958695411682
1.188912034034729
1.11167311668396
1.1158959865570068
0.9799079895019531
1.0955584049224854
1.3028484582901
1.01236891746521
1.1630089282989502
1.0045807361602783
1.1104612350463867
1.100061297416687
1.2391459941864014
1.1860265731811523
0.9911787509918213
1.0095571279525757
1.0362168550491333
1.1657276153564453
1.0161409378051758
1.2209794521331787
1.0378154516220093
1.25191330909729
1.0361626148223877
1.0427567958831787
1.1225621700286865
1.191874384880066
1.0462615489959717
0.8792307376861572
0.9106166362762451
1.0350199937820435
1.0596215724945068
1.2989444732666016
1.0335924625396729
1.0982005596160889
1.1925907135009766
1.1925114393234253
1.1645760536193848
1.0575917959213257
1.1828721761703491
1.11629056930542
1.2092663049697876
1.1315373182296753
1.2235997915267944
1.145675539970398
1.0620379447937012
1.118039846420288
1.2209618091583252
0.9019615650177002
0.8994925618171692
0.9762201905250549
1.1104216575622559
1.0874422788619995
1.1969062089920044
1.1886996030807495
1.0921525955200195
1.230594277381897
1.107879400253296
1.2291789054870605
1.103316307067871
0.9485576748847961
1.1472066640853882
0.98419588804245
1.0351015329360962
0.9704369306564331
1.2101058959960938
0.9935713410377502
1.1318950653076172
0.9704262614250183
1.072034239768982
1.2299760580062866
0.8438014388084412
1.1784642934799194
1.0898243188858032
0.8937780857086182
1.1592490673065186
0.9480607509613037
1.1498279571533203
1.0525987148284912
1.0959053039550781
1.1247642040252686
1.158491849899292
1.1319512128829956
1.2270498275756836
1.2427171468734741
1.2335485219955444
0.9179812669754028
0.9735004901885986
0.9473387002944946
1.0860023498535156
1.069696307182312
1.0975018739700317
1.0238921642303467
1.1697336435317993
1.0661169290542603
1.1798973083496094
1.1381721496582031
0.9032931327819824
1.0981661081314087
1.16624915599823
1.111374020576477
1.2662885189056396
1.0057955980300903
1.011370301246643
0.9823365807533264
0.8360183238983154
1.232834815979004
0.8581072092056274
1.2182098627090454
1.0118963718414307
1.110013723373413
0.9328374862670898
1.224448323249817
1.0080249309539795
1.0212163925170898
1.0928303003311157
1.3089947700500488
1.1523728370666504
0.9220444560050964
1.0368783473968506
0.9251868724822998
0.9929810762405396
0.8720409274101257
0.9532744884490967
1.0337660312652588
1.0854113101959229
0.9739903807640076
1.0146896839141846
1.0302289724349976
1.0664254426956177
1.1116617918014526
1.0778141021728516
0.8903188705444336
1.0104470252990723
1.0033782720565796
0.9545598030090332
0.7470588684082031
1.0484445095062256
1.049293041229248
1.047617793083191
1.1236670017242432
1.203355312347412
1.1891894340515137
1.129724383354187
1.1134870052337646
0.8392863273620605
1.1330084800720215
1.004412293434143
1.186638593673706
1.21219801902771
1.2316155433654785
1.1705536842346191
1.083601474761963
1.1719727516174316
1.1875308752059937
1.2292110919952393
1.178699254989624
1.0345792770385742
0.9662153720855713
0.8527750968933105
1.0154224634170532
1.157632827758789
1.122972846031189
0.9954900741577148
1.1379345655441284
1.1208598613739014
1.166611909866333
0.9319995641708374
1.1761993169784546
1.0240533351898193
0.8795554637908936
1.1156352758407593
1.2573826313018799
1.0055968761444092
1.077893853187561
1.1506474018096924
1.1235331296920776
0.9104617238044739
0.9467559456825256
1.1522564888000488
1.080106258392334
1.1260299682617188
1.1861329078674316
0.9004404544830322
1.2290724515914917
1.2108218669891357
0.958061933517456
0.9652416706085205
1.0390416383743286
1.147513747215271
1.091243028640747
0.9839008450508118
1.0483205318450928
1.1299220323562622
1.2443655729293823
1.0456616878509521
1.03987455368042
1.1519558429718018
1.2204915285110474
1.0387089252471924
1.072737455368042
0.9803712368011475
1.0160634517669678
1.1467175483703613
1.1627755165100098
0.970515251159668
0.9043699502944946
1.090100884437561
0.9882543683052063
1.1876904964447021
1.0074818134307861
1.0501148700714111
0.9951903820037842
1.100338101387024
0.9677885174751282
1.2113960981369019
1.0388394594192505
1.0001344680786133
1.0629549026489258
0.8461567759513855
1.3044089078903198
0.9622554779052734
1.0280897617340088
0.9973912835121155
1.1010406017303467
1.2843067646026611
1.2552303075790405
0.9914044141769409
0.9688566327095032
1.2428200244903564
1.0972650051116943
1.017170786857605
1.109616994857788
1.1121668815612793
1.04276442527771
1.2142219543457031
0.9076830744743347
1.0464122295379639
0.8928832411766052
1.0561541318893433
1.2788445949554443
1.093488335609436
1.0319322347640991
1.089500904083252
1.12982177734375
0.8839727640151978
1.0525219440460205
1.0776729583740234
1.171766996383667
1.1435128450393677
1.2738995552062988
1.18964421749115
1.0487985610961914
1.3008036613464355
1.1157715320587158
1.1251411437988281
1.3373544216156006
1.0491719245910645
0.9219552278518677
0.9090274572372437
1.28224778175354
1.2329635620117188
0.9205589294433594
1.1615725755691528
1.017775297164917
0.7705914378166199
0.9658109545707703
1.074464201927185
1.0602641105651855
1.2647910118103027
1.1726839542388916
1.3993141651153564
1.0068669319152832
1.1180499792099
1.1998032331466675
0.9248246550559998
1.1697465181350708
1.1338081359863281
1.152827262878418
1.1339080333709717
1.0866668224334717
0.9977589845657349
1.10108482837677
1.1305382251739502
0.9523981809616089
1.0067238807678223
1.1587646007537842
1.2143592834472656
1.0333223342895508
0.9273105263710022
1.22649085521698
1.1816298961639404
0.9382842779159546
1.1025545597076416
1.1512746810913086
1.1410664319992065
1.260589838027954
1.0662651062011719
1.0658433437347412
0.9730722904205322
1.0672041177749634
1.3154945373535156
1.109980821609497
1.0030930042266846
0.8490287661552429
1.0154532194137573
1.3633341789245605
1.2783379554748535
1.1207808256149292
1.1613805294036865
1.1524025201797485
1.2143847942352295
1.0106117725372314
1.198999047279358
0.9494320750236511
0.9594919681549072
1.0401175022125244
0.9214869141578674
1.0241587162017822
1.0259628295898438
1.338032603263855
0.9785539507865906
0.8400997519493103
1.0293644666671753
0.9559562802314758
1.1868019104003906
1.2485078573226929
1.0491708517074585
0.9723919630050659
1.2528032064437866
1.1933859586715698
0.8846859335899353
0.9195619821548462
1.0498273372650146
1.0138288736343384
1.1702855825424194
1.2302522659301758
0.9910229444503784
1.1345813274383545
1.059592366218567
0.9619455337524414
1.1753530502319336
1.1347925662994385
1.1676641702651978
1.2168607711791992
0.939682126045227
1.2705146074295044
1.1293433904647827
1.1498260498046875
1.0625109672546387
