add12u_3UT: [0.0, 0.38, 0.45, 0.33,  0.24,  0.31, 0.42]
add12u_2KC: [0.24, 0.51, 0.49, 0.5, 0.15,  0.16,  0.38]
add12u_0Z5: [0.37, 0.14,   0.16, 0.18, 0.08,  0, 0.34]
add12u_0G8: [0.22, 0.18,  0.19, 0.2, 0.24, 0.0, 0.15]
add12u_0B6: [0.0, 0.27, 0.26,0,0.27,0,0.27]
add12u_50U: [0.4, 0.23, 0.39, 0.19, 0.29, 0, 0.32]
add12u_22J: [0.24, 0.0,  0.15,  0.41,  0.38, 0.42, 0.31]
add12u_06R: [0.18, 0.24, 0.25, 0.14, 0.2,  0, 0.3]
add12u_2L1: [0.16, 0.0, 0, 0.17,0,0.7,0]
add12u_0JK: [0.24, 0.49, 0.16,  0,  0.4,  0.38, 0.3]
add12u_3K3: [0.0, 0.24, 0.48,  0.16, 0.41, 0.33, 0.38]
add12u_39N: [0.46, 0.14, 0.16,  0,  0.49, 0.42, 0.43]
add12u_2UH: [0.16, 0.32,  0.33,  0.0, 0.3, 0.24, 0.25]
add12u_0ZP: [ 0.52, 0.43,  0,  0.35, 0.16, 0.23, 0.09]
add12u_0AZ: [0.0, 0.32, 0.16, 0.23, 0.25,  0.3, 0.34]
add12u_0PX: [0.13, 0.18 , 0.24, 0.21, 0.28, 0.15, 0.3]
add12u_3L3: [0.25, 0.0, 0.16, 0.5, 0.47,  0.41, 0.18]
add12u_0C9: [0.24,  0.15, 0.18, 0.49, 0.5, 0, 0.4,]
add12u_0UZ: [0.25, 0.53, 0.34, 0.52, 1, 0.16,  0.4]
add12u_0LN: [0.55,0.34, 1, 0.47, 0.17, 0.13, 0.4]
