add8u_6SM: [0.46, 0.38, 0.2, 0.25, 0.57, 0.35,  0.29]
add8u_6K6: [0.16, 0.41, 0.31, 0.43, 0.23, 0.07, 0.26]
add8u_108: [0.28,  0.05, 0.07, 0.0, 0.1, 0.15, 0.26]
add8u_6LG: [0.06, 0.23, 0.33, 0.17, 0.24,  0.25,  0.0]
add8u_6TH: [0.35, 0.06,0.16, 0.43, 0.25, 0.23, 0.47]
add8u_2AM: [0.27,  0.45,  0.2, 0.42, 0.16, 0.23,  0.33]
add8u_6S4: [0.4,  0.34, 0.47,0.27, 0.5, 0.23, 0.1]
add8u_0NS: [0.15,  0.37, 0.17,  0.08,  0.05,  0.26,0]
add8u_6MZ: [0.26, 0.13, 0.17, 0.25,0.4, 0.37, 0.32]
add8u_6PT: [0.5, 0.33, 0.16,  0.49, 0.24, 0.41, 0.6]
add8u_6P8: [0.08, 0.43, 0.16, 0.34, 0.25, 0.23,0.47]
add8u_2LL: [ 0.0, 0.22, 0.34, 0.18, 0.33,  0.42,  0.35]
add8u_0PA: [0.27,  0.06, 0.15, 0.28, 0.1, 0.14, 0.29]
add8u_6R6: [ 0.23, 0.17, 0.34, 0.0, 0.24, 0.04,  0.31]
add8u_0TP: [0.0, 0.25, 0.24, 0.16, 0.12,  0.1, 0.21]
add8u_05G: [0.43, 0.27,0.36, 0.54,0.08, 0.35, 0.14]
add8u_1HG: [ 0.62, 0.57, 0.54, 0.46, 0.44, 0.79, 0.76]
add8u_6QU: [0.28, 0.34,  0.2,  0.0, 0.44,  0.16, 0.23]
add8u_6FT: [0.19,0.22,  0.1, 0.0, 0.31, 0.27, 0.06]
add8u_0NQ: [0.13, 0.08,  0.06, 0.16, 0.24, 0.27, 0.3, ]
add8u_0PL: [0.15, 0.1, 0.06, 0.19, 0.09,  0.17 , 0.04]
add8u_3RE: [0.16, 0.0, 0.21, 0.25, 0.23, 0.26, 0.2]
