mul8u_17R6: 1,0,0,0,0,0,0,0,0,0,0,0,0,0,0,0,0,0,0,0
mul8u_17C8: 0,1,0,0,0,0,0,0,0,0,0,0,0,0,0,0,0,0,0,0
mul8u_R36:  0,0,1,0,0,0,0,0,0,0,0,0,0,0,0,0,0,0,0,0
mul8u_T83:  0,0,0,1,0,0,0,0,0,0,0,0,0,0,0,0,0,0,0,0
mul8u_874:  0,0,0,0,1,0,0,0,0,0,0,0,0,0,0,0,0,0,0,0
mul8u_197B: 0,0,0,0,0,1,0,0,0,0,0,0,0,0,0,0,0,0,0,0
mul8u_2NDH: 0,0,0,0,0,0,1,0,0,0,0,0,0,0,0,0,0,0,0,0
mul8u_Z9D:  0,0,0,0,0,0,0,1,0,0,0,0,0,0,0,0,0,0,0,0
mul8u_L93:  0,0,0,0,0,0,0,0,1,0,0,0,0,0,0,0,0,0,0,0
mul8u_17MJ: 0,0,0,0,0,0,0,0,0,1,0,0,0,0,0,0,0,0,0,0
mul8u_4X5:  0,0,0,0,0,0,0,0,0,0,1,0,0,0,0,0,0,0,0,0
mul8u_12KA: 0,0,0,0,0,0,0,0,0,0,0,1,0,0,0,0,0,0,0,0
mul8u_18UH: 0,0,0,0,0,0,0,0,0,0,0,0,1,0,0,0,0,0,0,0
mul8u_19XF: 0,0,0,0,0,0,0,0,0,0,0,0,0,1,0,0,0,0,0,0
mul8u_ZDF:  0,0,0,0,0,0,0,0,0,0,0,0,0,0,1,0,0,0,0,0
mul8u_GTR:  0,0,0,0,0,0,0,0,0,0,0,0,0,0,0,1,0,0,0,0
mul8u_1JJQ: 0,0,0,0,0,0,0,0,0,0,0,0,0,0,0,0,1,0,0,0
mul8u_1A0M: 0,0,0,0,0,0,0,0,0,0,0,0,0,0,0,0,0,1,0,0
mul8u_8U3:  0,0,0,0,0,0,0,0,0,0,0,0,0,0,0,0,0,0,1,0
mul8u_ZB3:  0,0,0,0,0,0,0,0,0,0,0,0,0,0,0,0,0,0,0,1