add12u_3UT 80.5328 256.0 80.5328 272
add12u_2KC 81.5216 201 81.5216 259
add12u_0Z5 81.6398 264.0 81.6398 301
add12u_0G8 90.5812 300.0 100.5812 500
add12u_0B6 84.9113 161 84.9113 342
add12u_50U 79.2213 189 79.2213 254
add12u_22J 82.504 227 82.504 271
add12u_06R 85.589 183.0 85.589 330
add12u_2L1 100.9275 362.0 170.9275 412
add12u_0JK 79.2312 194.0 79.2312 270
add12u_3K3 81.0193 215.0 81.0193 268
add12u_39N 80.0719 226 80.0719 255
add12u_2UH 86.2198 262 86.2198 283
add12u_0ZP 80.6217 198.0 80.6217 262
add12u_0AZ 81.5111 212 81.5111 284
add12u_0PX 90.9313 317.0 102.9313 418
add12u_3L3 81.6672 233 81.6672 260
add12u_0C9 80.2407 192 80.2407 257
add12u_0UZ 80.2118 201.0 80.2118 257
add12u_0LN 80.185 215.0 80.185 259
