add8u_6SM 81.4238 295 81.4238 494
add8u_6K6 80.6734 228.0 80.6734 495
add8u_108 81.5481 221.0 81.5481 479
add8u_6LG 81.7888 320.0 81.7888 469
add8u_6TH 81.6859 466.0 81.6859 470
add8u_2AM 81.2021 217.0 81.2021 495
add8u_6S4 81.548 203 81.548 467
add8u_0NS 81.1942 251 81.1942 467
add8u_6MZ 80.5561 256.0 80.5561 450
add8u_6PT 79.9454 208.0 79.9454 469
add8u_6P8 80.4537 405.0 80.4537 488
add8u_2LL 80.949 222.0 80.949 463
add8u_0PA 80.8005 216.0 80.8005 476
add8u_6R6 81.8565 210.0 81.8565 497
add8u_0TP 82.6986 221 82.6986 469
add8u_05G 81.0026 213.0 81.0026 467
add8u_1HG 81.4176 228 81.4176 507
add8u_6QU 81.1048 201.0 81.1048 479
add8u_6FT 81.8682 292.0 81.8682 486
add8u_0NQ 81.767 235.0 81.767 498
add8u_0PL 82.3804 227.0 82.3804 470
add8u_3RE 82.2158 246.0 82.2158 486
