add16u_0U8: 1,0,0,0,0,0,0,0,0,0,0,0,0,0,0,0,0,0,0,0
add16u_0KU: 0,1,0,0,0,0,0,0,0,0,0,0,0,0,0,0,0,0,0,0
add16u_0GX: 0,0,1,0,0,0,0,0,0,0,0,0,0,0,0,0,0,0,0,0
add16u_0PT: 0,0,0,1,0,0,0,0,0,0,0,0,0,0,0,0,0,0,0,0
add16u_0K3: 0,0,0,0,1,0,0,0,0,0,0,0,0,0,0,0,0,0,0,0
add16u_0HK: 0,0,0,0,0,1,0,0,0,0,0,0,0,0,0,0,0,0,0,0
add16u_0EZ: 0,0,0,0,0,0,1,0,0,0,0,0,0,0,0,0,0,0,0,0
add16u_08V: 0,0,0,0,0,0,0,1,0,0,0,0,0,0,0,0,0,0,0,0
add16u_1A5: 0,0,0,0,0,0,0,0,1,0,0,0,0,0,0,0,0,0,0,0
add16u_126: 0,0,0,0,0,0,0,0,0,1,0,0,0,0,0,0,0,0,0,0
add16u_0SL: 0,0,0,0,0,0,0,0,0,0,1,0,0,0,0,0,0,0,0,0
add16u_0J3: 0,0,0,0,0,0,0,0,0,0,0,1,0,0,0,0,0,0,0,0
add16u_162: 0,0,0,0,0,0,0,0,0,0,0,0,1,0,0,0,0,0,0,0
add16u_110: 0,0,0,0,0,0,0,0,0,0,0,0,0,1,0,0,0,0,0,0
add16u_15Q: 0,0,0,0,0,0,0,0,0,0,0,0,0,0,1,0,0,0,0,0
add16u_067: 0,0,0,0,0,0,0,0,0,0,0,0,0,0,0,1,0,0,0,0
add16u_0SD: 0,0,0,0,0,0,0,0,0,0,0,0,0,0,0,0,1,0,0,0
add16u_0KG: 0,0,0,0,0,0,0,0,0,0,0,0,0,0,0,0,0,1,0,0
add16u_0RJ: 0,0,0,0,0,0,0,0,0,0,0,0,0,0,0,0,0,0,1,0
add16u_0NL: 0,0,0,0,0,0,0,0,0,0,0,0,0,0,0,0,0,0,0,1