add12u_0AF: [0.14, 0.32, 0.09, 0.2]
add12u_3UT: [0.21, 0.58, 0.02, 0.4]
add12u_3R0: [ 0.33, 0.23, 0.15, 0.0]
add12u_2KC: [0.74, 0.23, 0.5, 0.0]
add12u_0Z5: [0.25, 0.39, 0.5, 0.15]
add12u_0G8: [ 0.23, 0.22, 0.15, 0.0]
add12u_0B6: [0.11, 0.41, 0.27, 0.0]
add12u_50U: [0.6, 0.22, 0.41, 0.02]
add12u_22J: [0.0, 0.36, 0.56, 0.19]
add12u_06R: [0.33, 0.17, 0.47, 0.0]
add12u_2L1: [0.32, 0.23, 0.15, 0.0]
add12u_0JK: [0.0, 0.44, 0.23, 0.63]
add12u_3K3: [0.23, 0.63, 0.0, 0.44]
add12u_103: [0.51, 0.13, 0.4, 0.24]
add12u_187: [0.47, 0.34, 0.15, 0.27]
add12u_39N: [0.92, 0.43, 0.26, 0.66]
add12u_2UH: [0.19, 0.51, 0.0, 0.36]
add12u_2UF: [0.59, 1.0, 0.36, 0.8]
add12u_38J: [0.15, 0.15, 0.0, 0.0]
add12u_0ZP: [0.14, 0.46, 0.65, 0.32]
add12u_0AZ: [0.12, 0.47, 0.01, 0.28]
add12u_0PX: [0.06, 0.28, 0.21, 0.15]
add12u_4NT: [0.41, 0.81, 0.26, 0.6]
add12u_3L3: [0.45, 0.08, 0.64, 0.28]
add12u_0C9: [0.8, 0.23, 0.44, 0.61]
add12u_0UZ: [0.39, 0.83, 0.2, 0.57]
add12u_4TF: [0.26, 0.72, 0.41, 0.58]
add12u_28B: [0.0, 0.0, 0.0, 0.0]
add12u_0LN: [0.7, 0.18, 0.39, 0.58]
