add8u_6SM: [0.33, 0.03, 0.52, 0.21]
add8u_0E2: [0.0, 0.15, 0.0, 0.15]
add8u_6K6: [0.19, 0.05, 0.41, 0.32]
add8u_108: [0.06, 0.27, 0.0, 0.15]
add8u_6LG: [0.0, 0.34, 0.19, 0.06]
add8u_6TH: [0.03, 0.33, 0.44, 0.2]
add8u_2AM: [0.37, 0.02, 0.18, 0.48]
add8u_6S4: [0.05, 0.35, 0.22, 0.46]
add8u_0NS: [0.04, 0.33, 0.15, 0.25]
add8u_6MZ: [0.38, 0.04, 0.14, 0.28]
add8u_6PT: [0.19, 0.56, 0.04, 0.36]
add8u_6P8: [0.2, 0.43, 0.04, 0.33]
add8u_0NH: [0.14, 0.45, 0.3, 0.05]
add8u_2LL: [0.0, 0.24, 0.35, 0.16]
add8u_0PA: [0.06, 0.27, 0.15, 0.0]
add8u_6R6: [0.15, 0.01, 0.33, 0.23]
add8u_0TP: [0.0, 0.21, 0.1, 0.15]
add8u_05G: [0.02, 0.47, 0.32, 0.15]
add8u_02Y: [0.0, 0.07, 0.04, 0.0]
add8u_1HG: [0.07, 0.71, 0.47, 0.27]
add8u_6QU: [0.3, 0.02, 0.43, 0.15]
add8u_6FT: [0.0, 0.18, 0.06, 0.29]
add8u_00M: [0.0, 0.16, 0.04, 0.15]
add8u_0D0: [0.0, 0.0, 0.0, 0.0]
add8u_0UK: [0.0, 0.0, 0.0, 0.0]
add8u_2J3: [0.0, 0.27, 0.2, 0.15]
add8u_0NQ: [0.27, 0.14, 0.07, 0.0]
add8u_0JM: [0.07, 0.03, 0.0, 0.0]
add8u_0PL: [0.19, 0.0, 0.06, 0.15]
add8u_3RE: [0.23, 0.22, 0.15, 0.0]
add8u_4M7: [0.13, 0.41, 0.28, 0.0]
